 3.6737131663827395E-003  -1.1331660964138834      -0.34802712602620672     
   8.0272614493487864E-003  -1.0857513320987255      -0.36665687237074229     
   1.2039441922464878E-002  -1.1118627773719900      -0.38567171589690064     
   1.5711786126782673E-002 -0.99557945304118678      -0.30518387825137977     
   1.8873442963701442E-002  -1.1345889604664869      -0.29223029951891921     
   2.1641222681676137E-002  -1.3945556025091057      -0.72016648176623321     
   2.4126051508330189E-002  -2.1933681653001407       -1.7116084265912663     
   2.6388136952078603E-002  -6.1889177499839274        2.0350552948303582E-002
   2.8447667603893653E-002  -4.8625636891346256       -1.3939136810296802     
   3.0318504711314163E-002  -6.4582409186824039       0.15271415687018944     
   3.2007004053005370E-002  -6.7764052815519795       0.17384479177716267     
   3.3524490850423430E-002  -6.2982303450486770        9.9552830800680767E-002
   3.4881601697199047E-002  -6.3855742264797257       0.10506077431030061     
   3.6086904607027376E-002  -6.4422315160180199       0.23842217223884138     
   3.7156509745338059E-002  -6.3583271954664005       0.15062067197423937     
   3.8113795939897298E-002  -6.3552150012232502       0.19837467280823984     
   3.8990943186626201E-002  -5.1468629563981994      -0.56720111238431759     
   3.9717790439741954E-002  -6.7371903683607508       0.15495165907960670     
   4.0294326832572780E-002  -6.7167069061860909       0.12685720463276237     
   4.1056329375132837E-002  -5.1162071042429424      -0.61424417873535242     
   4.1404225352183452E-002  -6.1528427852251752      -0.17908057575362937     
   4.1984642672586774E-002  -6.4988331379492230       0.20721468477052149     
   4.2278691606452930E-002  -6.4109565500210506        5.9748456204615948E-002
   4.2894754249120412E-002  -6.1788549074791792      -0.12821200213640993     
   4.2920875358763627E-002  -6.7325110982178336        4.3559205278444091E-002
   4.3305370459144864E-002  -6.5654011897250495       0.17654168444297980     
   4.3615955414431487E-002  -4.4156634446582030       -1.5345848578288279     
   4.4083986435511285E-002  -6.6160244040231442       0.15777859164131949     
   4.4681775325494777E-002  -4.4418189809643494      -0.89155272613629599     
   4.4640909279422478E-002  -5.4653845863058041      -0.42500650197461992     
   4.4969716179752650E-002  -6.7251740690181103       -5.2802625606959086E-002
   4.5473843307356182E-002  -6.5412933492206333       0.10238192306858880     
   4.4880116103293025E-002  -6.3361083303887336        6.1141340099960112E-003
   4.5983875600056644E-002  -6.2250879737049898       0.13535471793026133     
   4.5835439825925833E-002  -4.6225232803220972       -1.2493581561673355     
   4.6219858112288389E-002  -6.5505417932172998        2.5746911645523764E-002
   4.6076333543864485E-002  -6.4708971672355649        7.7368976873414139E-002
   4.6670464358633722E-002  -6.6254900414685016        8.8784386082084110E-002
   4.6353208625327200E-002  -5.8425928628413129      -0.24341688199279748     
   4.6927125808065268E-002  -6.4556876043409401       -1.6353710566882548E-002
   4.6604968719141361E-002  -5.9011485787438840      -0.14943182507656963     
   4.6884254538088442E-002  -4.0447457795948543       -1.3626098029130786     
   4.7080882389153665E-002  -4.5841624618027659       -1.3451336382022643     
   4.6691838305822186E-002  -6.0874217052040747       -7.1301240235786642E-002
   4.7164762636095516E-002  -4.5495586827984393       -1.1662411743874617     
   4.6930969934553084E-002  -6.2473413463301819        3.9720202282470002E-002
   4.6832810489318019E-002  -4.8375018103100391       -1.3075470898805148     
   4.7186069542999282E-002  -4.7270324506093662       -1.3402238118244620     
   4.6570117072431694E-002  -4.8529918164521835       -1.6541513677124942     
   4.7038023071907561E-002  -4.8571824367365215       -1.5254829857830654     
   4.6183561573458487E-002  -5.7765671641779521      -0.27247617325960022     
   4.7094604553195772E-002  -4.4121351798462571       -1.3723009080243687     
   4.5845334318466394E-002  -4.6224832551767170       -1.4188676816832608     
   4.6334010355558355E-002  -4.7275305535428371       -1.1440963195014719     
   4.6071358001534037E-002  -4.5437240135838142       -1.2506788702816198     
   4.5264427676008669E-002  -4.7272159260794790       -1.0394409706164476     
   4.5234123601648746E-002  -4.1356112473920765       -1.3676760380199267     
   4.4675001105036610E-002  -4.9380212762611242       -1.3377798135607901     
   4.4270002184704366E-002  -4.4682711567833300       -1.2407997838049012     
   4.3584246359449109E-002  -5.1965364273249808      -0.58767313658114628     
   4.3045507759282717E-002  -4.8032543077454326       -1.5498850928568872     
   4.2477518429783159E-002  -5.1697358022686055      -0.64461223440005766     
   4.2037506920797933E-002  -4.2086206584341221       -1.6914440361655676     
   4.1431223483710922E-002  -4.7704547257691470      -0.76826888499186019     
   4.1000359867560912E-002  -5.4024276592379090      -0.46823083555072870     
   4.0401370735997963E-002  -5.9941355865990387      -0.29802976295783284     
   3.9970217752305207E-002  -4.8081302916940798      -0.63812389748651888     
   3.9155128774236589E-002  -4.0917211661607613       -1.2022763653112698     
   3.7876119303777593E-002  -6.8211106733196569        1.9757303094018210E-002
   3.6045252529498820E-002  -4.9106078909749993      -0.60055220588420943     
   3.3643542770122020E-002  -4.7850040429262162       -1.4403313097072690     
   3.1170546652248832E-002  -6.2481529784895553      -0.16328999983993545     
   3.0743386872887732E-002  -4.3452234297073922       -1.7150433302130699     
   3.1905956877520694E-002  -6.8333263200395802       0.10348537053871745     
   3.1214769035643478E-002  -6.1143660922649348      -0.24092152663562480     
   2.8808519782528720E-002  -5.0030647803543680      -0.66688470243799092     
   2.8861983472858468E-002  -4.3882296374344039       -1.7172524250086503     
   3.0336610336558462E-002  -4.9707018715457556      -0.58810262478512609     
   3.0971164965667240E-002  -6.2464976272427366       -8.3110463498022341E-002
   3.1051754463879137E-002  -4.8464930196443214      -0.67679899215803996     
   2.9866429507020158E-002  -4.2923840917170715      -0.93727881312991312     
   2.8622965963891862E-002  -5.1227926543422013      -0.54476135573273621     
   2.8273116452514947E-002  -6.0624321690981322      -0.24066984664582369     
   2.7340838747594062E-002  -6.6430675667105170        3.5861999163952649E-002
   2.8863709676822120E-002  -4.7891098319640513      -0.79249635131182539     
   3.1237996780800224E-002  -6.2021923640798917      -0.19418141506730996     
   3.2839931057553874E-002  -6.6178964023328684       -3.5072785739408384E-003
   3.3711473738735356E-002  -5.7413609779602437      -0.27080900178166872     
   3.3864716317201220E-002  -4.7335981602940871      -0.79964465318143696     
   3.3229845200633108E-002  -6.5527904491412734       -2.4537772385476501E-002
   3.2637697727212284E-002  -6.0172092067654868      -0.18212761538013397     
   3.2589185927044177E-002  -6.1404122534310073      -0.11367366810873442     
   3.2898159423338437E-002  -6.1704562809325152       -6.0328911065361861E-002
   3.2746733946528418E-002  -6.2605437171094067       -4.9468916018030815E-002
   3.1679294955513915E-002  -4.6804912540867223       -1.4422955455232747     
   3.0660713737734008E-002  -6.0209938575917974      -0.11544149412604204     
   3.0928173119410769E-002  -4.9190708471968696       -1.4669179674712984     
   3.2144024146146366E-002  -4.8905527533174018       -1.6089879462316212     
   3.3241084523528787E-002  -4.9063662390022413       -1.5222490108752591     
   3.3750060012523841E-002  -4.7923757137142182       -1.6750242101627175     
   3.3708952407330246E-002  -4.3663028570058620       -1.4813462518020293     
   3.3190406635865130E-002  -4.6923310607910453       -1.6293626553461478     
   3.2187509424645516E-002  -4.7196354980615043       -1.4771241824200716     
   3.0850769766345754E-002  -4.3405834826836900       -1.4457370959018607     
   2.9516860011687955E-002  -4.5471224998410493       -1.4479452566140074     
   2.8373941535521412E-002  -4.4820351371847815       -1.3514793422701774     
   2.7131647042592605E-002  -4.6274635726808544       -1.5332887381330180     
   2.5344146904293909E-002  -4.4662464401049373       -1.4729858305500243     
   2.3322926107535006E-002  -4.3228546161107015       -1.4099157922767784     
   2.1300976618248577E-002  -4.4750614927879182       -1.4159988080937875     
   1.9554108793014217E-002  -4.5396358876458027       -1.4011039119511359     
   1.8560248598706142E-002  -4.5133063145155621       -1.3878658182295838     
   1.8501893233686138E-002  -4.4389245390427954       -1.2660151045496835     
   1.9078464685760698E-002  -4.6238468895416354       -1.0593205747488761     
   1.9834631873437848E-002  -5.1046717285566148       -1.1848450542335704     
   2.0466755839039612E-002  -4.6425939067722251       -1.3034863857424548     
   2.0866126424909998E-002  -4.9702980374061143       -1.1114741032626825     
   2.1015790027455582E-002  -4.8485962586151752       -1.1918791737679302     
   2.0919178718985118E-002  -4.1656635210796056       -1.1796345613032400     
   2.0584990110150352E-002  -4.8012675084802456       -1.4802918880721909     
   2.0049099458689608E-002  -4.8127765906838809       -1.2667011810288120     
   1.9406938619710174E-002  -4.7623703152351329       -1.5935223593019066     
   1.8821094004747206E-002  -4.3592053170010185       -1.7632323795582061     
   1.8431714403329146E-002  -4.8164985712558739       -1.1896388149327388     
   1.8239924723638831E-002  -4.8534277127533842       -1.3481483489321251     
   1.8146012881790019E-002  -5.0983503738220106       -1.4080603976519050     
   1.8088057456819441E-002  -4.4678280136377593       -1.6797049642089499     
   1.8089177392311376E-002  -4.5145831969951766       -1.7371983055486995     
   1.8130023622570175E-002  -5.2709190410362350      -0.58042341578477186     
   1.8099858960051556E-002  -4.8673958633455054       -1.7440065651367174     
   1.7912454388578039E-002  -4.1513055464104962       -1.6277194738642971     
   1.7605806406107413E-002  -4.4086482318429194      -0.91685454548514411     
   1.7317333144341241E-002  -4.5112651048759780      -0.86555482031408970     
   1.7177163343897444E-002  -4.0881527812698666       -1.3623467094298876     
   1.7208015822561276E-002  -4.0801332566291473       -1.2709529557207679     
   1.7346928952935929E-002  -4.8234220103549186      -0.75019957189715147     
   1.7520431455083210E-002  -6.2096464683045127      -0.13296574875803538     
   1.7684625928605171E-002  -5.4950939540397146      -0.43886022587594725     
   1.7832927240291938E-002  -4.8186171538866516      -0.66126290479346139     
   1.7961465967639516E-002  -6.1499865617555205      -0.22730034878007724     
   1.8044377839746981E-002  -5.8091995729860146      -0.23551023988752032     
   1.8054187755016719E-002  -6.0747932932006155      -0.22021195978133862     
   1.8002494277624188E-002  -4.6947133979581395       -1.5118140803989486     
   1.7938206897723241E-002  -5.8953785859401586      -0.27690159664259373     
   1.7902460898392179E-002  -4.2471951879738281       -1.6780568532490150     
   1.7911142595160773E-002  -4.6308127722631598       -1.7434135217651454     
   1.7961054513356691E-002  -4.5359309787537772       -1.4962773882316105     
   1.8046561493426313E-002  -4.6804849949563119       -1.2746524814456870     
   1.8156688820808037E-002  -4.5982265264617883       -1.6219961578241500     
   1.8278079100519706E-002  -4.7925878338895629       -1.5893703095172649     
   1.8402704245401448E-002  -4.7376380645030771       -1.3780880284403663     
   1.8526580683933026E-002  -4.9703216466138320       -1.6080533685938245     
   1.8646125678437292E-002  -4.9363094358885178       -1.5953169149033748     
   1.8755170047365766E-002  -4.6695097273050363       -1.3934552811941332     
   1.8852640488577620E-002  -4.6147295101279191       -1.6584390186088842     
   1.8944920959899563E-002  -4.4489909180438421       -1.6239987025879221     
   1.9043576704230701E-002  -4.3868296107850959       -1.6646937625982305     
   1.9158230234624735E-002  -4.7217056823239405       -1.6480457250413287     
   1.9293828245939795E-002  -4.7879873176998071       -1.7574599741010761     
   1.9448130461673686E-002  -4.7152091328544596       -1.6912418712353683     
   1.9612579721172661E-002  -4.5198719263486042       -1.5895825373587333     
   1.9775792881397494E-002  -4.6735905775381914       -1.5616339411344193     
   1.9932168332880557E-002  -4.5537946460158807       -1.6493892503575756     
   2.0085343695107068E-002  -4.3335415021730590       -1.6600585847606544     
   2.0243213541744499E-002  -4.3950235616390385       -1.5882058542383315     
   2.0412345340492719E-002  -4.2327752254515989       -1.3498425298830354     
   2.0592481269735216E-002  -4.5021729362888490       -1.5429532781650346     
   2.0777383004701482E-002  -4.4595862780831066       -1.5669335792888603     
   2.0957152456933265E-002  -4.5747123412136403       -1.5424399495309939     
   2.1124693680069383E-002  -4.5559308811220838       -1.5769483443871803     
   2.1277551754653762E-002  -4.3218583740213372       -1.3178547454325646     
   2.1415824911931926E-002  -4.4721489261296581       -1.1424285164320240     
   2.1543372328580022E-002  -4.3490478999098778       -1.2261117439652887     
   2.1658723548728442E-002  -4.3898620939242408       -1.3003946691817905     
   2.1759025610578818E-002  -4.3739632581026218       -1.1546947758830663     
   2.1834031623979292E-002  -4.3763601204891582       -1.2570939267738011     
   2.1870260246656059E-002  -4.5004075846323808       -1.0861496121634635     
   2.1849364380235155E-002  -4.6822658286927430      -0.98824446324035076     
   2.1750176832254175E-002  -4.4666390140631531       -1.0903507889059014     
   2.1553037000545068E-002  -4.5826705700106674       -1.0946374918913226     
   2.1234527376191043E-002  -4.6597985430208482       -1.0836329402974960     
   2.0775785572922228E-002  -4.8259979377033142      -0.97781072079320330     
   2.0160406561011316E-002  -4.8604591514021367       -1.0052655092505436     
   1.9383204162737033E-002  -4.8978768368747625       -1.0251872426161326     
   1.8460498624630471E-002  -4.9149921595829342      -0.98112946136439139     
   1.7431865135259083E-002  -4.6939010570227211       -1.2096224155760653     
   1.6367516985760090E-002  -4.9239566438932973       -1.0519648500964223     
   1.5355207840196023E-002  -4.8863396083928139       -1.0956558481020406     
   1.4490259200548531E-002  -5.0367487304152982       -1.0901793474393238     
   1.3846760996496111E-002  -5.1198982233739221       -1.2982764423590700     
   1.3465946241145936E-002  -5.1372466201186215       -1.2982497911586863     
   1.3346818600717040E-002  -5.0775552164667657       -1.6521645353547769     
   1.3453192256770967E-002  -4.9761436295314594       -1.2467936599198504     
   1.3730713142554704E-002  -4.6063499329789366       -1.2818040901546668     
   1.4118567454321105E-002  -4.7775748028168783       -1.1875761355800114     
   1.4561462658156272E-002  -4.8350972921229305       -1.1223428302371801     
   1.5019887207025287E-002  -4.8419466744916049       -1.1349308725227809     
   1.5460352235408082E-002  -4.7575460685600648       -1.2249544757591770     
   1.5869449767188432E-002  -4.7693053375258661       -1.1391535203892917     
   1.6235317244487721E-002  -4.7999882685205932       -1.2274974843779671     
   1.6558806885047121E-002  -4.9197107116987198       -1.1049372300023550     
   1.6841696600233852E-002  -4.7355379460424363       -1.2408348317299083     
   1.7088136819379013E-002  -4.9122357669164121       -1.1852167572230783     
   1.7305377953831119E-002  -5.0767108392061839       -1.3408465435377572     
   1.7497751040899540E-002  -5.0635131902618067       -1.2798350578380164     
   1.7673215912173239E-002  -5.0136065527513543       -1.2610315288438270     
   1.7836320411289797E-002  -4.9364582514072630       -1.2575264678095974     
   1.7986691325818656E-002  -5.0507990016778894       -1.3756509754370219     
   1.8128035379086214E-002  -4.9900205866181508       -1.3223791338561712     
   1.8258995930782562E-002  -4.8304740948161928       -1.3763989768513938     
   1.8396122757448743E-002  -4.8874311064193314       -1.2302486355512929     
   1.8552406255030032E-002  -4.8672155692589385       -1.4763142115897516     
   1.8733507003990825E-002  -4.6587382647008440       -1.7395440404358600     
   1.8940394336741721E-002  -5.0363868091362587       -1.4225363803937832     
   1.9142268367540634E-002  -4.8787902209221254       -1.4288540279104165     
   1.9313848366161145E-002  -4.9442790154738709       -1.5563814220725578     
   1.9517433863496955E-002  -4.9558413625016442       -1.4008421715879815     
   1.9756822487819330E-002  -4.1908093126972101       -1.4918928741143485     
   2.0066957220394813E-002  -4.6318893813578033       -1.7797821622117229     
   2.0345053616194514E-002  -4.7556683231424595       -1.7988987539230896     
   2.0588848304645135E-002  -4.5230343898535290       -1.8163593508261178     
   2.0800585475120238E-002  -4.1933809824072767       -1.6517167548657246     
   2.0908922915241542E-002  -4.5679210557147130       -1.8289815451195255     
   2.1006475187684649E-002  -4.8179762653909197       -1.7255526649684607     
   2.1129752563412006E-002  -4.4715368838449088       -1.7147351236268240     
   2.1222165359476030E-002  -4.5754449451516566       -1.7916116534275977     
   2.1290982447943405E-002  -4.4150799175937925       -1.8156618737695664     
   2.1384255631464358E-002  -4.1274422917063696       -1.6004991629957583     
   2.1526379684914738E-002  -4.3342795240554057       -1.7571606711275094     
   2.1693666670648020E-002  -4.1553278574274666       -1.7205825838743700     
   2.1839454654312546E-002  -4.0762160356627488       -1.4128784040210969     
   2.1983891247463430E-002  -4.1129789177979026       -1.4541589100602776     
   2.2240123733403103E-002  -4.1694301463218171       -1.3944575212743744     
   2.2600131220456364E-002  -4.3567003534556505      -0.94310295232895880     
   2.2867609341773901E-002  -4.1639848378599460       -1.5220499992276517     
   2.3044929417739862E-002  -4.1721322987701361       -1.4376596332074709     
   2.3012453319894280E-002  -4.2889428910028178       -1.0404454648725061     
   2.2987688717969610E-002  -4.1260541722160209       -1.5265880581189686     
   2.3010195463211799E-002  -4.8093967903645174      -0.71116161497775976     
   2.3100105372955863E-002  -4.1794930512669195       -1.1105271878801244     
   2.3151579735966443E-002  -4.2982699701678344      -0.99464976227474455     
   2.3166864156123325E-002  -4.1962371270868122       -1.0757249419722625     
   2.3347493454022844E-002  -4.2066297710436267       -1.0032940908065522     
   2.3356732239077305E-002  -4.2539779743215558      -0.97661156636314284     
   2.3053224845562315E-002  -4.1413570873668792       -1.1368021346122610     
   2.2768852319861768E-002  -4.1071208355403463       -1.2350549281382794     
   2.2689549544081970E-002  -4.7802784320606477      -0.83478098433966330     
   2.2617747722771211E-002  -4.9901704164889340      -0.61043107559410570     
   2.2477846946225923E-002  -4.7524189888796178      -0.69593508328088605     
   2.2375986139156791E-002  -4.6603174620639001      -0.76711764453305042     
   2.2329842747817848E-002  -4.9337828162729878      -0.68194996899108318     
   2.2265744930967075E-002  -4.2489767379990102       -1.0214563028402910     
   2.2147985818228424E-002  -4.6883890333594049      -0.79320241198601060     
   2.2149170476871635E-002  -4.7829288900485114      -0.71696981361386458     
   2.2116065887097448E-002  -4.7142274085057263      -0.84267641451012187     
   2.2063351193152534E-002  -4.9234455606284024      -0.64016431922098749     
   2.1859653808068653E-002  -4.6752368856000208      -0.86954807348602181     
   2.1344076137621709E-002  -4.7151387832292126      -0.75486801877953535     
   2.0886248235921733E-002  -4.7626953128068541      -0.72123564573055465     
   2.0557977910948960E-002  -5.3736010309527913      -0.45110908833447633     
   2.0361639858153643E-002  -5.7510166502778031      -0.23331938640705016     
   2.0279041748570287E-002  -5.4507300456279211      -0.38214496558506128     
   2.0020095194576211E-002  -5.8170608619771986      -0.32356990560264076     
   1.9644872768453555E-002  -5.8895220820665815      -0.16178219402707811     
   1.9229288012814177E-002  -5.7330411886684551      -0.29224834971722125     
   1.8821255946873634E-002  -5.2892381195392630      -0.50179048263743509     
   1.8397982986524231E-002  -5.3235760534913519      -0.49560394888611337     
   1.7931423095012472E-002  -5.2123352137012731      -0.50104205007785318     
   1.7528824366813182E-002  -5.7351785883834721      -0.33327637123769122     
   1.7145461153818806E-002  -5.6775817753035591      -0.39008085362276490     
   1.6711527655229257E-002  -5.4257465441061763      -0.40500806909830467     
   1.6246626523304879E-002  -5.7681233564972443      -0.32941087023719201     
   1.5761704992262496E-002  -5.7562901685490049      -0.35638509883772168     
   1.5294480880451666E-002  -5.6677046744084993      -0.34637918295387954     
   1.4809236357722052E-002  -5.6809010037625001      -0.35762116228424623     
   1.4287042381942752E-002  -5.6420118906376118      -0.33723068027631975     
   1.3791805292499083E-002  -5.7642276389517235      -0.18126443723396388     
   1.3407774038353814E-002  -5.8396153778443738      -0.18209538003036657     
   1.3065430395504221E-002  -5.8626006745871297      -0.17809672118516665     
   1.2594341840597038E-002  -5.7089766442268397      -0.23055056259399026     
   1.2041655657453069E-002  -5.7004392736643297      -0.31287955709562248     
   1.1496457694252908E-002  -5.7792460104891390      -0.14732904434195640     
   1.0996316451600492E-002  -5.8421643201343905      -0.16816722840364232     
   1.0530840737114799E-002  -6.1006606367804936      -0.10951173321949445     
   1.0024808577814640E-002  -6.0339926262238279      -0.13049350422166045     
   9.4764422574823148E-003  -5.9174929010386919      -0.12028077110128964     
   8.8890159158443657E-003  -6.1167760404381273       -6.6003698523672327E-002
   8.2423715137681652E-003  -6.1431757200468349       -4.1270760271781420E-002
   7.5493777343175030E-003  -6.1319425683522617       -5.0401970168900329E-002
   6.7813414158551261E-003  -6.0375811963437256       -6.1454355542463861E-002
   5.9772150502795827E-003  -6.0995278793078018       -2.5158991638629627E-002
   5.1181941808229291E-003  -6.1304738992538024        3.9768646054356930E-003
   4.2680592449552872E-003  -6.1389894503001932        2.0358930777529059E-002
   3.3822444009274427E-003  -6.1237674131559485        8.7229585101914434E-002
   2.5010789809583552E-003  -6.1597225779038807       0.11814972830050763     
   1.5788862252061736E-003  -6.2033912343952222        9.7704395152544726E-002
   5.7385523052212663E-004  -6.2483091376410069        9.8291105532961762E-002
   0.0000000000000000       -7.0618710000018873E-003  -6.9199327490188551E-012
   0.0000000000000000       -2.1185612122875074E-002  -8.6010475198386735E-012
   0.0000000000000000       -3.5309353830499463E-002  -1.1455307254044654E-011
   0.0000000000000000       -4.9433095066374264E-002  -1.5536275254321368E-011
   0.0000000000000000       -6.3556836811665865E-002  -2.1166608863673995E-011
   0.0000000000000000       -7.7680578060096400E-002  -2.8869665917661680E-011
   0.0000000000000000       -9.1804319809573237E-002  -3.9386700533012601E-011
   0.0000000000000000      -0.10592805972606555       -5.3738312230962277E-011
   0.0000000000000000      -0.12005179969822966       -7.3320890363216863E-011
   0.0000000000000000      -0.13417554635561757       -1.0003955269339885E-010
   0.0000000000000000      -0.14829928857474695       -1.3649480498737662E-010
   0.0000000000000000      -0.16242302931445676       -1.8623501340501689E-010
   0.0000000000000000      -0.17654676956102672       -2.5410092087936562E-010
   0.0000000000000000      -0.19067050964321672       -3.4669787698868157E-010
   0.0000000000000000      -0.20479424967061338       -4.7303817253121958E-010
   0.0000000000000000      -0.21891798967974560       -6.4541809576463462E-010
   0.0000000000000000      -0.23304173634945621       -8.8061517954570873E-010
   0.0000000000000000      -0.24716547857269319       -1.2015203704901568E-009
   0.0000000000000000      -0.26128921931377219       -1.6393667702754695E-009
   0.0000000000000000      -0.27541295956079853       -2.2367688442506166E-009
   0.0000000000000000      -0.28953669964314066       -3.0518705328944615E-009
   0.0000000000000000      -0.30366043967058803       -4.1640034655292592E-009
   0.0000000000000000      -0.31778417967973716       -5.6814089356521447E-009
   0.0000000000000000      -0.33190792634945343       -7.7517722232549677E-009
   0.0000000000000000      -0.34603166857269230       -1.0576597081462330E-008
   0.0000000000000000      -0.36015540931377193       -1.4430816357669518E-008
   0.0000000000000000      -0.37427914956079855       -1.9689551066911926E-008
   0.0000000000000000      -0.38840288964314096       -2.6864621295623784E-008
   0.0000000000000000      -0.40252662967058872       -3.6654354994480676E-008
   0.0000000000000000      -0.41665037634640500       -5.0011560255537542E-008
   0.0000000000000000      -0.43077411857167808       -6.8236250727672899E-008
   0.0000000000000000      -0.44489785931343750       -9.3102176026066180E-008
   0.0000000000000000      -0.45902159956069383       -1.2702944328304115E-007
   0.0000000000000000      -0.47314533964311861       -1.7332004634614764E-007
  -1.9639612308276303E-006 -0.48726907967060462       -2.3647923226398521E-007
   0.0000000000000000      -0.50139281967978722       -3.2265390440093968E-007
  -2.0439211867867382E-006 -0.51551656634955301       -4.4023080989430696E-007
  -1.5915424515002768E-006 -0.52964030857288003       -6.0065268364857653E-007
  -2.3293396851025826E-006 -0.54376404931412214       -8.1953155668749023E-007
  -3.1225714705287252E-006 -0.55788778956145069       -1.1181677038353354E-006
  -4.2392332621982004E-006 -0.57201152964435487       -1.5256216945179553E-006
  -5.7658216353393118E-006 -0.58613526967284857       -2.0815406961904805E-006
  -7.8521216221224044E-006 -0.60025900968394508       -2.8400137511419554E-006
  -1.0700737054720489E-005 -0.61438275635728667       -3.8748289357062164E-006
  -1.4588556765588482E-005 -0.62850649858727348       -5.2866423295772615E-006
  -1.9893031903762283E-005 -0.64263023934091357       -7.2127505431361263E-006
  -2.7129009989987069E-005 -0.65675397961131798       -9.8404090027145520E-006
  -3.6997820126772400E-005 -0.67087771973716881       -1.3424974191961593E-005
  -5.0454543404095133E-005 -0.68500145984558192       -1.8314603283333325E-005
  -6.8798452464464307E-005 -0.69912520667204703       -2.4983850357291179E-005
  -9.3796602483725298E-005 -0.71324894917757342       -3.4079325039397995E-005
  -1.2784548845815087E-004 -0.72737269044055752       -4.6481630902812257E-005
  -1.7419414015909770E-004 -0.74149643165686818       -6.3389241737741423E-005
  -2.3723093991485740E-004 -0.75562017354009259       -8.6431733597984713E-005
  -3.2286558885106945E-004 -0.76974391691185895       -1.1782208988267175E-004
  -4.3901529355305443E-004 -0.78386766312628930       -1.6056044077413859E-004
  -5.9621431462940973E-004 -0.79799142129606315       -2.1870459036280306E-004
  -8.0835844362921639E-004 -0.81211518479763289       -2.9772561820618588E-004
  -1.0935122213691479E-003 -0.82623896482364345       -4.0496844801617078E-004
  -1.4747719927302447E-003 -0.84036277738660903       -5.5023640897542737E-004
  -1.9808702510351354E-003 -0.85448665006225921       -7.4651126569934105E-004
  -2.6462321224083487E-003 -0.86861063191953158       -1.0108015913932893E-003
  -3.5097823339880242E-003 -0.88273480990136788       -1.3650744787972141E-003
  -4.6115836170820615E-003 -0.89685934248190169       -1.8371602251455305E-003
  -5.9862876426561677E-003 -0.91098447815381811       -2.4614220602019793E-003
  -7.6523223045915443E-003 -0.92511065194026398       -3.2788612145992317E-003
  -9.5978637681362472E-003 -0.93923855957543478       -4.3362221402023756E-003
  -1.1765985920857496E-002 -0.95336927184081877       -5.6836549189441133E-003
  -1.4046176883393333E-002 -0.96750435525553891       -7.3706986573210710E-003
  -1.6280070007876794E-002 -0.98164597410925325       -9.4408396147845283E-003
  -1.8287339358270562E-002 -0.99579685873875712       -1.1925587815514725E-002
  -1.9903727962906459E-002  -1.0099604178549684       -1.4839568333215961E-002
  -2.1027568509041868E-002  -1.0241401918630790       -1.8178127440469025E-002
  -2.1629299037648417E-002  -1.0383399844444903       -2.1918225749578812E-002
  -2.1764270541427766E-002  -1.0525631686827344       -2.6022281790903570E-002
  -2.1525329268108052E-002  -1.0668128536357746       -3.0443679748428293E-002
  -2.1035641637666212E-002  -1.0810913533643112       -3.5132453605057602E-002
  -2.0397447774305025E-002  -1.0954004946679667       -4.0039957802082124E-002
  -1.9699576424540049E-002  -1.1097415829789270       -4.5121997371426997E-002
  -1.9005010476124181E-002  -1.1241152728119321       -5.0340449790990616E-002
  -1.8344857147656466E-002  -1.1385220706561667       -5.5663689569397302E-002
  -1.7746952563082723E-002  -1.1529620369750213       -6.1066254531774576E-002
  -1.7211988757744302E-002  -1.1674352047190044       -6.6528097081216250E-002
  -1.6743681702945275E-002  -1.1819415552678212       -7.2033693318582045E-002
  -1.6340848745717833E-002  -1.1964808352523328       -7.7571175595977704E-002
  -1.5990559337857355E-002  -1.2110529763237372       -8.3131542717836598E-002
  -1.5694525092164825E-002  -1.2256577109302504       -8.8708010026812265E-002
  -1.5437935726312763E-002  -1.2402949818915490       -9.4295481819773125E-002
  -1.5222918211005949E-002  -1.2549645469255382       -9.9890133263006553E-002
  -1.5036697232972714E-002  -1.2696663133313206      -0.10548908820197798     
  -1.4878233765357091E-002  -1.2844002491893047      -0.11109018014336725     
  -1.4745814919347941E-002  -1.2991661522310463      -0.11669176779719610     
  -1.4629281311413042E-002  -1.3139640377841049      -0.12229259560143664     
  -1.4533921732634653E-002  -1.3287937336583522      -0.12789169366489164     
  -1.4449998141592419E-002  -1.3436552106282031      -0.13348830367024217     
  -1.4378860118035333E-002  -1.3585484912342480      -0.13908182160971588     
  -1.4321254733581056E-002  -1.3734734184736750      -0.14467175659325893     
  -1.4269051185514504E-002  -1.3884300446003977      -0.15025770083604856     
  -1.4229227781124756E-002  -1.4034182271878743      -0.15583931032203893     
  -1.4192114415930728E-002  -1.4184380259617406      -0.16141628102121081     
  -1.4165686300834847E-002  -1.4334893034521210      -0.16698834778626725     
  -1.4176649107400630E-002  -1.4485720557921542      -0.17255526441233748     
  -1.4197486133398546E-002  -1.4636863244115554      -0.17811680384518355     
  -1.4226951739717936E-002  -1.4788319671761141      -0.18367275934359303     
  -1.4256222979919898E-002  -1.4940090444654726      -0.18922292082440204     
  -1.4293494930540055E-002  -1.5092174209091858      -0.19476710012104581     
  -1.4330662411496930E-002  -1.5244570904933283      -0.20030509371014221     
  -1.4373751898048702E-002  -1.5397280964227933      -0.20583672732386396     
  -1.4423089443405855E-002  -1.5550302929174677      -0.21136181379506400     
  -1.4472650666424541E-002  -1.5703637369471308      -0.21688016185115166     
  -1.4531127261383815E-002  -1.5857282907174317      -0.22239160172633315     
  -1.4589335737938670E-002  -1.6011239457387161      -0.22789594826937623     
  -1.4652328992057526E-002  -1.6165507412003066      -0.23339303402558709     
  -1.4720281925940659E-002  -1.6320085261561244      -0.23888267495142662     
  -1.4787473518590253E-002  -1.6474973549080820      -0.24436469297089117     
  -1.4861719565877767E-002  -1.6630170828484367      -0.24983891216124868     
  -1.4937671542230274E-002  -1.6785677650748316      -0.25530515748533755     
  -1.5026869056504071E-002  -1.6941492559296150      -0.26076325437271491     
  -1.5100855054280021E-002  -1.7097615421805805      -0.26621302858374851     
  -1.5163378551729431E-002  -1.7254046572747201      -0.27165431735700751     
  -1.5311176674808245E-002  -1.7410784400503332      -0.27708692835458570     
  -1.5337091457222250E-002  -1.7567829399408306      -0.28251069316912442     
  -1.5475067415105560E-002  -1.7725180095117750      -0.28792545148656323     
  -1.5543350926570491E-002  -1.7882836249730441      -0.29333101246519411     
  -1.5713022089627986E-002  -1.8040798131186919      -0.29872720872283992     
  -1.5706866922167786E-002  -1.8199064172066395      -0.30411388082037150     
  -1.5888057481276939E-002  -1.8357634746881435      -0.30949083892760082     
  -1.5960251522249638E-002  -1.8516508310170097      -0.31485791655578016     
  -1.6110083367811383E-002  -1.8675685339191728      -0.32021495512656545     
  -1.6267287213411457E-002  -1.8835164200250263      -0.32556176585583513     
  -1.6246509959424397E-002  -1.8994944699849405      -0.33089819415855548     
  -1.6432536964783983E-002  -1.9155026965379369      -0.33622405310950543     
  -1.6627365914369460E-002  -1.9315409339987588      -0.34153917818115276     
  -1.6420335484816632E-002  -1.9476092234824973      -0.34684341245290012     
  -1.6971049592786697E-002  -1.9637073955952400      -0.35213656904508933     
  -1.6739754856818827E-002  -1.9798354222136274      -0.35741848408031218     
  -1.7107747658238893E-002  -1.9959933219153771      -0.36268900149623173     
  -1.6960414875541521E-002  -2.0121809155205699      -0.36794793556201594     
  -1.7332608433650927E-002  -2.0283982365943971      -0.37319512344731487     
  -1.7269349879014163E-002  -2.0446451225638778      -0.37843041010950046     
  -1.7565851423447604E-002  -2.0609215982735849      -0.38365361105879031     
  -1.7540594877965415E-002  -2.0772275014805657      -0.38886457527852941     
  -1.7760412640065212E-002  -2.0935627889756265      -0.39406312024290147     
  -1.7903236691211001E-002  -2.1099274701464856      -0.39924908536107678     
  -1.7937677674971883E-002  -2.1263213715311271      -0.40442231751897251     
  -1.8191711315682851E-002  -2.1427445106150880      -0.40958263445620791     
  -1.8296271004976942E-002  -2.1591967153333114      -0.41472987641140507     
  -1.8306208305105931E-002  -2.1756779500580170      -0.41986389129438861     
  -1.8780179335123128E-002  -2.1921882093372429      -0.42498449818835204     
  -1.8505783314442418E-002  -2.2087273168225980      -0.43009154903936547     
  -1.9102905612420361E-002  -2.2252952853544348      -0.43518486496501785     
  -1.8849768213109290E-002  -2.2418919385407232      -0.44026428862796618     
  -1.9382635425911912E-002  -2.2585172365377799      -0.44532967005473317     
  -1.9190049119396518E-002  -2.2751711688344716      -0.45038083078750663     
  -1.9530528111776999E-002  -2.2918535496057841      -0.45541761444679280     
  -1.9831908219237023E-002  -2.3085644008843542      -0.46043987220102950     
  -1.9546548971875573E-002  -2.3253035306164591      -0.46544742707439207     
  -2.0262254477237052E-002  -2.3420709574944643      -0.47044012402553137     
  -2.0124634304452028E-002  -2.3588665034249665      -0.47541781551934315     
  -2.0404947951838108E-002  -2.3756901074965011      -0.48038032615008980     
  -2.0483483942599905E-002  -2.3925417638283109      -0.48532750227152255     
  -2.0871663136960782E-002  -2.4094212845187615      -0.49025919769151444     
  -2.1018200077668039E-002  -2.4263286699241791      -0.49517523862617913     
  -2.1314668226960733E-002  -2.4432637329808689      -0.50007547286896270     
  -2.1353538302081074E-002  -2.4602264178869127      -0.50495974558641554     
  -2.1991021450074477E-002  -2.4772167120071784      -0.50982790141072920     
  -2.2150749494928210E-002  -2.4942344165102694      -0.51467978514056034     
  -2.3190276048100721E-002  -2.5112795365827809      -0.51951524197793897     
  -2.5660572539034976E-002  -2.5283518720404365      -0.52433410772004607     
  -3.0340383055902025E-002  -2.5454514386604266      -0.52913624508979351     
  -2.9568169452894977E-002  -2.5625780262075115      -0.53392147676115864     
  -2.7475716579176586E-002  -2.5797315793463667      -0.53868966176844557     
  -2.5117640411249895E-002  -2.5969120815439242      -0.54344065184931534     
  -2.3308237934994609E-002  -2.6141193158184239      -0.54817427724979140     
  -2.6930357910263238E-002  -2.6313532834131639      -0.55289039074469992     
  -3.1721998387982092E-002  -2.6486137782699388      -0.55758883356856204     
  -2.7337161427208809E-002  -2.6659007244490716      -0.56226944363587628     
  -2.2542871618595244E-002  -2.6832140886070226      -0.56693205828744675     
  -2.4312039506816357E-002  -2.7005536508265697      -0.57157651521202424     
  -2.6486779591047300E-002  -2.7179193881665569      -0.57620264326891335     
  -3.2801364585439370E-002  -2.7353110757002228      -0.58081026907843247     
  -3.3689070326658195E-002  -2.7527286663535722      -0.58539919098547777     
  -2.3944860272408247E-002  -2.7701719178515649      -0.58996921784804679     
  -2.4024627976286305E-002  -2.7876406869672135      -0.59452011624000500     
  -2.4821573501426726E-002  -2.8051348612817120      -0.59905164033243963     
  -2.5461219486128405E-002  -2.8226541082624816      -0.60356350485140742     
  -2.6061823964267903E-002  -2.8401982501661616      -0.60805536767140089     
  -2.7313046693560775E-002  -2.8577668544061754      -0.61252682505595402     
  -3.1068362138419913E-002  -2.8753595336083193      -0.61697737458812185     
  -3.8744474967571718E-002  -2.8929758288605636      -0.62140638652085056     
  -3.2672666152256183E-002  -2.9106149534501764      -0.62581307846110934     
  -2.4572432429791916E-002  -2.9282760826180634      -0.63019640156598755     
  -2.6151417007288985E-002  -2.9459579254590396      -0.63455502588374357     
  -2.6421818498708591E-002  -2.9636589832064084      -0.63888718864630611     
  -2.6707554177388654E-002  -2.9813770172407321      -0.64319056343149705     
  -2.6769427380551387E-002  -2.9991091753532353      -0.64746205042688976     
  -2.6782980815761866E-002  -3.0168516956386444      -0.65169758073146122     
  -2.6738037240319281E-002  -3.0345992893929621      -0.65589172787472594     
  -2.6528448663782119E-002  -3.0523451580020100      -0.66003736073139052     
  -2.6143588238165275E-002  -3.0700800440884364      -0.66412512596479212     
  -2.5552432426370043E-002  -3.0877919333549504      -0.66814286793176580     
  -2.4709816379794341E-002  -3.1054652803145562      -0.67207502143421938     
  -2.3586477470691310E-002  -3.1230801059895561      -0.67590204760965611     
  -2.2179127088189390E-002  -3.1406117869203372      -0.67959996602941397     
  -2.0641455859790880E-002  -3.1580305235482484      -0.68314039244988578     
  -1.9683628963252080E-002  -3.1753022111087272      -0.68649124121007765     
  -2.2352553182132914E-002  -3.1923899048874516      -0.68961840384011408     
  -2.4291338013073101E-002  -3.2092563786374786      -0.69248857006129094     
  -1.2081618251213991E-002  -3.2258684507511544      -0.69507305803537889     
  -4.7566916268124843E-003  -3.2422008335135679      -0.69735179825897498     
  -3.5551043765829813E-003  -3.2582403014453347      -0.69931671982327848     
  -2.3044970417359450E-003  -3.2739871601649857      -0.70097320141738217     
  -1.7472328689624227E-003  -3.2894552064617346      -0.70233935757899157     
  -1.7587265791774011E-003  -3.3046690355730202      -0.70344323930911234     
  -2.2134085021284543E-003  -3.3196599479964579      -0.70431893492960018     
  -2.9565647510370590E-003  -3.3344622695431401      -0.70500258593624932     
  -3.8539293905520914E-003  -3.3491095717322117      -0.70552915999626942     
  -4.8072489702677013E-003  -3.3636326623210859      -0.70593027008878872     
  -5.7536984214445631E-003  -3.3780582599644702      -0.70623307963917892     
  -6.6606437823904900E-003  -3.3924084282082179      -0.70646007537683331     
  -7.5091394241009286E-003  -3.4067011128476041      -0.70662929158234022     
  -8.2966850854878094E-003  -3.4209502850383333      -0.70675490766124061     
  -9.0202773100226986E-003  -3.4351669179069106      -0.70684785803364025     
  -9.6826122397591016E-003  -3.4493592021395654      -0.70691646769931082     
  -1.0288798276046550E-002  -3.4635334357728804      -0.70696702039688053     
  -1.0840882090692049E-002  -3.4776943826614271      -0.70700421268132141     
  -1.1345839859273198E-002  -3.4918454380047379      -0.70703155289817887     
  -1.1807856749150931E-002  -3.5059892814041715      -0.70705162624205931     
  -1.2236963948291265E-002  -3.5201277419808612      -0.70706636435636627     
  -1.2636919078471157E-002  -3.5342622610957548      -0.70707717646137691     
  -1.3016396048101456E-002  -3.5483939617030615      -0.70708510832186133     
  -1.3379176713574598E-002  -3.5625235043420003      -0.70709092818284858     
  -1.3730285237492350E-002  -3.5766515469179594      -0.70709519657322950     
  -1.4071324756701715E-002  -3.5907783975287857      -0.70709832249489901     
  -1.4404517002538988E-002  -3.6049044649778419      -0.70710061506864441     
  -1.4727969396980040E-002  -3.6190298756087533      -0.70710230075240021     
  -1.5041295648139547E-002  -3.6331548122485660      -0.70710352908240881     
  -1.5346766738412173E-002  -3.6472794847805980      -0.70710443218100660     
  -1.5640161004928401E-002  -3.6614038709698078      -0.70710509522740239     
  -1.5923349875157523E-002  -3.6755281296477413      -0.70710557952526032     
  -1.6194690854012525E-002  -3.6896522051074112      -0.70710593019200862     
  -1.6456229031173303E-002  -3.7037761701290637      -0.70710618694957983     
  -1.6709740622773091E-002  -3.7179001320945191      -0.70710637949379207     
  -1.6957845013659555E-002  -3.7320239934643640      -0.70710651772327426     
  -1.7206807570575154E-002  -3.7461478715138949      -0.70710662139270963     
  -1.7455552010516275E-002  -3.7602716637739810      -0.70710668885943739     
  -1.7708452481231901E-002  -3.7743954858766915      -0.70710673603103213     
  -1.7960699772511791E-002  -3.7885192430327184      -0.70710676821001983     
  -1.8211946436051424E-002  -3.8026429703122888      -0.70710678716391040     
  -1.8459746708474223E-002  -3.8167667460721453      -0.70710679348187411     
  -1.8702506012123102E-002  -3.8308904630978700      -0.70710678736030108     
  -1.8941178477255932E-002  -3.8450142189846552      -0.70710676886465429     
  -1.9175598845029576E-002  -3.8591379129309025      -0.70710673801675372     
  -1.9407576504164616E-002  -3.8732615780027442      -0.70710669482387167     
  -1.9636550018107879E-002  -3.8873852754337745      -0.70710662283330394     
  -1.9864381721221461E-002  -3.9015089005294277      -0.70710652478837110     
  -2.0088409941217040E-002  -3.9156325352697410      -0.70710638514837321     
  -2.0309207864306036E-002  -3.9297560736480857      -0.70710619873305425     
  -2.0524704964253862E-002  -3.9438795305405128      -0.70710594736048860     
  -2.0734957139018580E-002  -3.9580029528897938      -0.70710560028724478     
  -2.0940170890067531E-002  -3.9721261983276950      -0.70710512258263913     
  -2.1142008838315709E-002  -3.9862493198215740      -0.70710446969251650     
  -2.1341174237437949E-002  -4.0003721605567026      -0.70710358562706255     
  -2.1538510538355142E-002  -4.0144947193205329      -0.70710236944608451     
  -2.1736691476949312E-002  -4.0286167883297139      -0.70710071345258863     
  -2.1932313783006800E-002  -4.0427382415806283      -0.70709845832990681     
  -2.2122565510841446E-002  -4.0568589309679872      -0.70709537818566304     
  -2.2302589234804607E-002  -4.0709784516606540      -0.70709117556347090     
  -2.2467080617606348E-002  -4.0850964976559307      -0.70708544686399166     
  -2.2609038312260039E-002  -4.0992124140651169      -0.70707763789734634     
  -2.2723695306392504E-002  -4.1133254734247569      -0.70706698790890621     
  -2.2806685101307692E-002  -4.1274347349264708      -0.70705247797466408     
  -2.2849508757906194E-002  -4.1415386823801406      -0.70703269854143158     
  -2.2850287581707159E-002  -4.1556355291875589      -0.70700576401207538     
  -2.2795071771156705E-002  -4.1697226059013488      -0.70696910302702454     
  -2.2672336022890684E-002  -4.1837965581967085      -0.70691925649102938     
  -2.2456801129645834E-002  -4.1978526334909123      -0.70685156263368421     
  -2.2121717477209191E-002  -4.2118846479457206      -0.70675978733851286     
  -2.1632364848108362E-002  -4.2258844242071891      -0.70663564461517692     
  -2.0950371251054062E-002  -4.2398409806001602      -0.70646820448831560     
  -2.0043601279128187E-002  -4.2537403319530300      -0.70624328492879940     
  -1.8872713750293986E-002  -4.2675643925477758      -0.70594272633944466     
  -1.7414636586645812E-002  -4.2812908177429447      -0.70554384975566165     
  -1.5650890453504807E-002  -4.2948926754071319      -0.70501913843265096     
  -1.3591610268542238E-002  -4.3083385919144970      -0.70433649962028666     
  -1.1298285984657765E-002  -4.3215944837445353      -0.70346045701337112     
  -8.8842377935655428E-003  -4.3346256209718534      -0.70235444718857731     
  -6.5292505346465270E-003  -4.3474006306467414      -0.70098426951617610     
  -4.4369129105514375E-003  -4.3598952935359501      -0.69932220214463003     
  -2.8075667933192697E-003  -4.3720967557830352      -0.69735093546437799     
  -1.7640918297597368E-003  -4.3840057290098793      -0.69506608067952813     
  -1.3424632653629778E-003  -4.3956364109358184      -0.69247668374844762     
  -1.4839213197834079E-003  -4.4070145736590707      -0.68960333840234600     
  -2.0734401601373359E-003  -4.4181734525544387      -0.68647485000690434     
  -2.9799616192196414E-003  -4.4291498358729795      -0.68312423360019470     
  -4.0716990099823958E-003  -4.4399802912767923      -0.67958511844141190     
  -5.2416822664626246E-003  -4.4506983330588126      -0.67588910505110333     
  -6.4288946922436757E-003  -4.4613333631171956      -0.67206419441073417     
  -7.5802589468601193E-003  -4.4719097125668350      -0.66813407064404928     
  -8.6837200994635006E-003  -4.4824472325007134      -0.66411814177611506     
  -9.7169751336016099E-003  -4.4929614017881043      -0.66003191501299774     
  -1.0690738398864957E-002  -4.5034643045581459      -0.65588753571836755     
  -1.1594108931998422E-002  -4.5139652045667935      -0.65169437464864632     
  -1.2411573698648598E-002  -4.5244709578016646      -0.64745962555950509     
  -1.3163133560651895E-002  -4.5349868607610171      -0.64318872199975563     
  -1.3876276635527457E-002  -4.5455167182799299      -0.63888579949073332     
  -1.4576050677026098E-002  -4.5560634710006607      -0.63455397537239477     
  -1.5217396635557479E-002  -4.5666293676022747      -0.63019560820890030     
  -1.5668549590676935E-002  -4.5772159069633007      -0.62581246452575467     
  -1.5936965720257247E-002  -4.5878244178981005      -0.62140592121003635     
  -1.6287213644078785E-002  -4.5984557104201960      -0.61697700970145830     
  -1.7072905834375676E-002  -4.6091105176547256      -0.61252653608800234     
  -1.8110959484908259E-002  -4.6197894604887484      -0.60805513690378943     
  -1.9025503234863204E-002  -4.6304928525567473      -0.60356331402149288     
  -1.9541031278328604E-002  -4.6412211319693819      -0.59905148176619893     
  -1.8771301170317764E-002  -4.6519744731565220      -0.59451998157724384     
  -1.7669375626194785E-002  -4.6627531989379323      -0.58996909528794195     
  -1.9797524313546828E-002  -4.6735574127221753      -0.58539908655486605     
  -2.1395953499557592E-002  -4.6843873088958166      -0.58081016718717560     
  -2.4596021638449476E-002  -4.6952431243527828      -0.57620255164980050     
  -2.2829182754024825E-002  -4.7061248886707645      -0.57157642776383455     
  -2.0825425262763323E-002  -4.7170328280110683      -0.56693197517325478     
  -2.0912784418714605E-002  -4.7279669598968432      -0.56226936185090426     
  -2.0207019319866935E-002  -4.7389274315327858      -0.55758875241842631     
  -2.1698841236255675E-002  -4.7499144325740659      -0.55289031091337715     
  -2.3254423533498748E-002  -4.7609279660450516      -0.54817420170536335     
  -2.3614598522148450E-002  -4.7719682260499754      -0.54344057022476866     
  -2.4862121608739123E-002  -4.7830352220943224      -0.53868958528158439     
  -2.6901288873032787E-002  -4.7941291554345460      -0.53392140441958180     
  -2.8486172663879483E-002  -4.8052500117463746      -0.52913616201037272     
  -2.8716290557712958E-002  -4.8163979350826915      -0.52433403441148763     
  -2.6140768190791419E-002  -4.8275730909558341      -0.51951516295158529     
  -2.5544967834093480E-002  -4.8387754697830667      -0.51467970734371427     
  -3.0563387053579954E-002  -4.8500052635730713      -0.50982782388974601     
  -3.5373577096296779E-002  -4.8612624642817730      -0.50495966810237858     
  -3.2618752779194800E-002  -4.8725471965956340      -0.50007539557583658     
  -2.9462526940609308E-002  -4.8838596288574925      -0.49517516227279290     
  -2.3477432295759576E-002  -4.8951997376974363      -0.49025911445939707     
  -2.6536730841148826E-002  -4.9065677190019530      -0.48532742594420947     
  -2.8730887778456438E-002  -4.9179635573412579      -0.48038024964012793     
  -3.1178140956917497E-002  -4.9293874331490217      -0.47541773169578760     
  -2.7335697684991590E-002  -4.9408393414501344      -0.47044004705476977     
  -2.6911879220391812E-002  -4.9523193982437492      -0.46544734988625630     
  -3.5138397091152768E-002  -4.9638277594859757      -0.46043978762938176     
  -3.3273943035187090E-002  -4.9753644098934560      -0.45541753679582836     
  -2.8069651486130373E-002  -4.9869295270640936      -0.45038075292788787     
  -2.7101741242087245E-002  -4.9985230858518284      -0.44532958476654710     
  -2.9185964615680349E-002  -5.0101452084378764      -0.44026421035878799     
  -2.8696714541206782E-002  -5.0217960499289829      -0.43518478658130111     
  -2.7450619764242186E-002  -5.0334755760328811      -0.43009146343618898     
  -2.8570336986278061E-002  -5.0451839703623280      -0.42498442045525359     
  -3.1136306266776603E-002  -5.0569212019859835      -0.41986380523075661     
  -3.2307124541186921E-002  -5.0686874541694324      -0.41472979718019998     
  -2.9437592372011021E-002  -5.0804826996073018      -0.40958255494580065     
  -3.1102910221569451E-002  -5.0923070404246999      -0.40442223041621489     
  -3.5181058431258037E-002  -5.1041606353571201      -0.39924900544334802     
  -3.7165760894987722E-002  -5.1160434472409859      -0.39406304022830829     
  -2.9492770054410287E-002  -5.1279556398976540      -0.38886448792035583     
  -2.7567138443589261E-002  -5.1398971903957840      -0.38365353175617528     
  -2.6792282636492349E-002  -5.1518681949494107      -0.37843032233472240     
  -2.6619879886362000E-002  -5.1638688065943050      -0.37319504266455544     
  -2.9226581020120594E-002  -5.1758989834371114      -0.36794785451437217     
  -3.1599499533156210E-002  -5.1879588848882046      -0.36268891272714410     
  -3.1295907351436773E-002  -5.2000484827902085      -0.35741840262724822     
  -2.9370325749298039E-002  -5.2121678731384904      -0.35213648742601117     
  -2.7240155969410016E-002  -5.2243171929235599      -0.34684332311139715     
  -2.4297444922843553E-002  -5.2364964042411994      -0.34153909625218659     
  -2.0805126795573961E-002  -5.2487056647798243      -0.33622397111605984     
  -1.9488282134835486E-002  -5.2609449303671729      -0.33089810467803521     
  -2.0652532378810751E-002  -5.2732143670902571      -0.32556168465999541     
  -2.1206330217192239E-002  -5.2855139285378430      -0.32021486529289456     
  -2.0170505662371781E-002  -5.2978437118511046      -0.31485783391172412     
  -1.8930863780051609E-002  -5.3102038501690982      -0.30949075604357623     
  -1.9211878926137949E-002  -5.3225942882347930      -0.30411379007616657     
  -2.0447306372341503E-002  -5.3350151845972240      -0.29872712548921188     
  -2.1507208197389743E-002  -5.3474664911128373      -0.29333092908768815     
  -2.2325308584391745E-002  -5.3599482903430200      -0.28792536024152821     
  -2.3446908340044832E-002  -5.3724607177868737      -0.28251060947773088     
  -2.4716642589522834E-002  -5.3850037158563460      -0.27708684448357024     
  -2.3487287994778318E-002  -5.3975774288681029      -0.27165422544952728     
  -1.9646446946924710E-002  -5.4101818105717348      -0.26621294385652489     
  -1.8924522852451893E-002  -5.4228170076927089      -0.26076316821309103     
  -2.0155471512610969E-002  -5.4354829671525033      -0.25530507073821951     
  -2.1878673959509459E-002  -5.4481797686151463      -0.24983882506296398     
  -2.3293188794832130E-002  -5.4609075353350844      -0.24436460546059319     
  -2.3454920883740925E-002  -5.4736662044388540      -0.23888258658626083     
  -2.2177332720709753E-002  -5.4864559170180218      -0.23339294338650868     
  -2.0496248318640130E-002  -5.4992766174456351      -0.22789586240215859     
  -1.9484406270415290E-002  -5.5121283784935002      -0.22239151155110087     
  -1.8667038100773903E-002  -5.5250113203104201      -0.21688007536859999     
  -1.7388485249568059E-002  -5.5379253730636115      -0.21136172137467421     
  -1.6428152792091061E-002  -5.5508706745789924      -0.20583663429287108     
  -1.6056551480226611E-002  -5.5638471643136169      -0.20030500477557792     
  -1.6283018650254746E-002  -5.5768549768769651      -0.19476700280029016     
  -1.6515193826517709E-002  -5.5898940513626414      -0.18922282582736677     
  -1.6810734127259683E-002  -5.6029644562988405      -0.18367265781577066     
  -1.6843012347759943E-002  -5.6160663067705787      -0.17811670125458234     
  -1.6662329440541905E-002  -5.6291995304169813      -0.17255515469662822     
  -1.6353867465243348E-002  -5.6423642603990860      -0.16698822931213089     
  -1.6059090301394977E-002  -5.6555604324808071      -0.16141615331360257     
  -1.5986764423735179E-002  -5.6687881159618714      -0.15583916657583707     
  -1.5987628087357687E-002  -5.6820474267410352      -0.15025753841510192     
  -1.6097352300513262E-002  -5.6953382966290702      -0.14467156669125653     
  -1.6208908262487869E-002  -5.7086608649747070      -0.13908159484572352     
  -1.6379010043960515E-002  -5.7220150760772057      -0.13348802691310432     
  -1.6566000687852529E-002  -5.7354010790871968      -0.12789134880692857     
  -1.6780871978229733E-002  -5.7488188288837661      -0.12229215751862116     
  -1.6931479443803722E-002  -5.7622684210592583      -0.11669120341583845     
  -1.7052134618690741E-002  -5.7757500047274100      -0.11108944508649225     
  -1.7096195808250076E-002  -5.7892635545547178      -0.10548812118541263     
  -1.7151179758462361E-002  -5.8028092631159698       -9.9888852372668674E-002
  -1.7266757308365306E-002  -5.8163871398762961       -9.4293780078225212E-002
  -1.7321167999290545E-002  -5.8299973445460589       -8.8705744378043253E-002
  -1.7515113355726256E-002  -5.8436400983584385       -8.3128526114753382E-002
  -1.7585855957731395E-002  -5.8573154531600160       -7.7567169828004878E-002
  -1.7837103254059333E-002  -5.8710236767920687       -7.2028402343881553E-002
  -1.8273394603696279E-002  -5.8847648390307352       -6.6521158952504808E-002
  -1.8602654518229886E-002  -5.8985391260718600       -6.1057259450642935E-002
  -1.9119696504048073E-002  -5.9123467205180118       -5.5652203975698533E-002
  -1.9717095035589771E-002  -5.9261875249363962       -5.0326079584392863E-002
  -2.0201577341678784E-002  -5.9400614851984797       -4.5104499946128994E-002
  -2.0895651559516979E-002  -5.9539680972240872       -4.0019393816600003E-002
  -2.2086295883449153E-002  -5.9679066964875274       -3.5109383896042581E-002
  -2.3714660855362339E-002  -5.9818759393675309       -3.0419334637433876E-002
  -2.5661037615290087E-002  -5.9958740336156469       -2.5998628270172564E-002
  -2.7506302644013807E-002  -6.0098985971189514       -2.1897814196976527E-002
  -2.8270589021215254E-002  -6.0239464639834237       -1.8163643892768398E-002
  -2.7875243071659866E-002  -6.0380142220313866       -1.4833189328162624E-002
  -2.7999098535970796E-002  -6.0520980563687301       -1.1928336579198230E-002
  -2.8620842910475335E-002  -6.0661943767654201       -9.4522592727744482E-003
  -2.8924958559134083E-002  -6.0802999975711876       -7.3890006806247334E-003
  -2.8655709092156586E-002  -6.0944120881193111       -5.7062686697081106E-003
  -2.7949445502400614E-002  -6.1085286285955718       -4.3604767833359303E-003
  -2.7158396724242313E-002  -6.1226479735251278       -3.3025276046656769E-003
  -2.6458477304418769E-002  -6.1367691570232052       -2.4829779530152188E-003
  -2.5828479156680920E-002  -6.1508913782692884       -1.8557999472959487E-003
  -2.5252189307325121E-002  -6.1650142279885589       -1.3805644962786182E-003
  -2.4729944261904811E-002  -6.1791375135962507       -1.0232873030489730E-003
  -2.4211418341753069E-002  -6.1932609669774834       -7.5634270012880738E-004
  -2.3584511780565021E-002  -6.2073845922169291       -5.5784081321299595E-004
  -2.2791705308148273E-002  -6.2215082351045909       -4.1077102919193255E-004
  -2.1905116980105839E-002  -6.2356318986221657       -3.0210812232101989E-004
  -2.1034339750109293E-002  -6.2497556436963917       -2.2198912008430520E-004
  -2.0217385220266462E-002  -6.2638793536306263       -1.6300788672475355E-004
  -1.9398045344946557E-002  -6.2780031208646792       -1.1963794958327775E-004
  -1.8514801494825976E-002  -6.2921268417982423       -8.7774682024639324E-005
  -1.7626319659081142E-002  -6.3062506146474471       -6.4380083764641481E-005
  -1.6911799887034864E-002  -6.3203743385027078       -4.7211403233214511E-005
  -1.6473201452476771E-002  -6.3344980462244234       -3.4616117294315491E-005
  -1.6267853411040704E-002  -6.3486218153413327       -2.5378317861299717E-005
  -1.6220255281078247E-002  -6.3627455383138409       -1.8604277299178570E-005
  -1.6238695314171037E-002  -6.3768693126022935       -1.3637584701226685E-005
  -1.6227177910342519E-002  -6.3909930373459209       -9.9963980833117594E-006
  -1.6172503772653397E-002  -6.4051167455834852       -7.3271654395914353E-006
  -1.6102117658140007E-002  -6.4192405149904657       -5.3705462097652238E-006
  -1.6034658142553299E-002  -6.4333642381231506       -3.9363489550068708E-006
  -1.5974235468274221E-002  -6.4474880124991127       -2.8851164736352095E-006
  -1.5901546777717938E-002  -6.4616117372902426       -2.1146046353376392E-006
  -1.5797535830230598E-002  -6.4757354455534903       -1.5498587429174470E-006
  -1.5665189220761586E-002  -6.4898592149743246       -1.1359335858732954E-006
  -1.5513572699356555E-002  -6.5039829381144703       -8.3255361588609214E-007
  -1.5352104147958911E-002  -6.5181067124944470       -6.1019738545475636E-007
  -1.5175873463410438E-002  -6.5322304372877342       -4.4722662584375303E-007
  -1.4996480207648195E-002  -6.5463542122188096       -3.2778142815087105E-007
  -1.4825962299201729E-002  -6.5604779371958237       -2.4023737662971605E-007
  -1.4653539248323705E-002  -6.5746016455214900       -1.7607451161258134E-007
  -1.4471666727233540E-002  -6.5887254149633740       -1.2904826405897921E-007
  -1.4300938113618536E-002  -6.6028491381106686       -9.4581819447312565E-008
  -1.4163422321457290E-002  -6.6169729124930976       -6.9320715648605832E-008
  -1.4057014162894099E-002  -6.6310966372872411       -5.0806386867238100E-008
  -1.3923275133906628E-002  -6.6452203455519561       -3.7236900204850497E-008
  -1.3662204585435402E-002  -6.6593441149735257       -2.7291579242530340E-008
  -1.3169236654915668E-002  -6.6734678381140498       -2.0002477127718664E-008
  -1.2381338674733150E-002  -6.6875916124942236       -1.4660165504650049E-008
  -1.1320717476380965E-002  -6.7017153372876157       -1.0744691285138819E-008
  -1.0108364774670512E-002  -6.7158391122187462       -7.8749716075619249E-009
  -8.9219147944110382E-003  -6.7299628371957905       -5.7717038716649515E-009
  -7.8899973990615886E-003  -6.7440865455214718       -4.2301822438156642E-009
  -7.0316703817864127E-003  -6.7582103149633648       -3.1003741441900726E-009
  -6.2680813507921375E-003  -6.7723340381106629       -2.2723180470388589E-009
  -5.4730491581837558E-003  -6.7864578124930945       -1.6654214215952320E-009
  -4.5489416942236897E-003  -6.8005815372872398       -1.2206163099242590E-009
  -3.4928990894039394E-003  -6.8147052455519548       -8.9461090873973067E-010
  -2.3877089545755624E-003  -6.8288290149735253       -6.5567587849565326E-010
  -1.3359844967335422E-003  -6.8429527381140494       -4.8055632817421297E-010
  -4.0339464468966088E-004  -6.8570765124942232       -3.5220805199730753E-010
   3.8753194620429763E-004  -6.8712002372876153       -2.5813940794685542E-010
   1.0461659850242644E-003  -6.8853240122187458       -1.8919478041661392E-010
   1.5977858444194948E-003  -6.8994477371957901       -1.3866416291835026E-010
   2.0615719082108771E-003  -6.9135714455214714       -1.0162937894830908E-010
   2.4478520148994306E-003  -6.9276952149633644       -7.4485853704207635E-011
   2.7659011534685229E-003  -6.9418189381106634       -5.4591924709195610E-011
   3.0289461293532549E-003  -6.9559427124930950       -4.0011419581373972E-011
   3.2610688464758679E-003  -6.9700664372872403       -2.9325142974586890E-011
   3.4712083123238807E-003  -6.9841901455519553       -2.1492862904079803E-011
   3.6519140157418757E-003  -6.9983139149735258       -1.5752538801576492E-011
   3.7958938174872813E-003  -7.0124376381140499       -1.1545249625101942E-011
   3.9112628642319902E-003  -7.0265614124942237       -8.4617239365511102E-012
   4.0056265091196353E-003  -7.0406851372876158       -6.2017494714257877E-012
   9.6893063892593435E-003  -8.0474879183972661       -1.3140002764473010E-015
   9.6871008258836658E-003  -8.0464521289725415       -6.5672779158553533E-015
   9.6826771721781751E-003  -8.0443826969549654       -1.7062944973948047E-014
   9.6760078956284051E-003  -8.0412839115586525       -3.2779247576780059E-014
   9.6671074744516337E-003  -8.0371621954898949       -5.3683611285412038E-014
   9.6559270374413694E-003  -8.0320260916351351       -7.9732708611413722E-014
   9.6423952717697332E-003  -8.0258862453545223       -1.1087254881970498E-013
   9.6265402971765900E-003  -8.0187553824177726       -1.4703858983260524E-013
   9.6082805291078464E-003  -8.0106482826280789       -1.8815587200315293E-013
   9.5874972008000089E-003  -8.0015817491886914       -2.3413917348042941E-013
   9.5642303942014076E-003  -7.9915745738757344       -2.8489318684486829E-013
   9.5383692567813875E-003  -7.9806474980893549       -3.4031271664744824E-013
   9.5097439714769399E-003  -7.9688231698640184       -4.0028289744333669E-013
   9.4784040553644502E-003  -7.9561260969269867       -4.6467943186807857E-013
   9.4442125350112337E-003  -7.9425825959023140       -5.3336884826287923E-013
   9.4069450434140674E-003  -7.9282207377656153       -6.0620877731501459E-013
   9.3666571714015670E-003  -7.9130702896626861       -6.8304824713998961E-013
   9.3231885737515181E-003  -7.8971626532125399       -7.6372799619383956E-013
   9.2762569686351756E-003  -7.8805307994227540       -8.4808080336701992E-013
   9.2259198955047458E-003  -7.8632092003520198       -9.3593183457570962E-013
   9.1719959514068462E-003  -7.8452337576615294       -1.0270990051321690E-012
   9.1141418254048444E-003  -7.8266417282033007       -1.1213933571430817E-012
   9.0524123187112320E-003  -7.8074716467996534       -1.2186194511536649E-012
   8.9866069665635161E-003  -7.7877632463739062       -1.3185757712258073E-012
   8.9163188674124139E-003  -7.7675573755978142       -1.4210551426106468E-012
   8.8415953005998617E-003  -7.7468959142264628       -1.5258451611498983E-012
   8.7622188438378577E-003  -7.7258216862960651       -1.6327286335159317E-012
   8.6777176656676388E-003  -7.7043783713646112       -1.7414840273781358E-012
   8.5881275831480725E-003  -7.6826104139793037       -1.8518859305625273E-012
   8.4932174065898234E-003  -7.6605629315584434       -1.9637055182529298E-012
   8.3924515665184749E-003  -7.6382816208786863       -2.0767110272653760E-012
   8.2858530424729897E-003  -7.6158126633614867       -2.1906682364127230E-012
   8.1731830137696908E-003  -7.5932026293550479       -2.3053409519638585E-012
   8.0538482006581782E-003  -7.5704983816101556       -2.4204914971913034E-012
   7.9278628163462119E-003  -7.5477469781499682       -2.5358812049925501E-012
   7.7949926061998366E-003  -7.5249955747350681       -2.6512709125641097E-012
   7.6546010990818500E-003  -7.5022913271259455       -2.7664214571029679E-012
   7.5067076194966905E-003  -7.4796812933454753       -2.8810941715080451E-012
   7.3511053232931129E-003  -7.4572123361439751       -2.9950513790542374E-012
   7.1871426514031481E-003  -7.4349310258689947       -3.1080568860137505E-012
   7.0148734645108096E-003  -7.4128835439411498       -3.2198764712036972E-012
   6.8341574566437796E-003  -7.3911155871360741       -3.3302783714452920E-012
   6.6443753851811276E-003  -7.3696722728708650       -3.4390337619284589E-012
   6.4456664177148506E-003  -7.3485980456913449       -3.5459172304862184E-012
   6.2380167789460985E-003  -7.3279365851539477       -3.6507072447958517E-012
   6.0209095981268940E-003  -7.3077307152931592       -3.7531866115384952E-012
   5.7946432531745468E-003  -7.2880223158621646       -3.8531429265654853E-012
   5.5594092569628099E-003  -7.2688522355306606       -3.9503690151384179E-012
   5.3148795586828966E-003  -7.2502602072197408       -4.0446633613304504E-012
   5.0615974766226035E-003  -7.2322847657493483       -4.1358305256988619E-012
   4.8000368740328597E-003  -7.2149631679689721       -4.2236815503631615E-012
   4.5301315360187916E-003  -7.1983313155371302       -4.3080343506491731E-012
   4.2527264560645820E-003  -7.1824236805096993       -4.3887140924873515E-012
   3.9685939654339249E-003  -7.1672732338913079       -4.4655535547831062E-012
   3.6779124450839204E-003  -7.1529113772978921       -4.5383934760080783E-012
   3.3817575791126259E-003  -7.1393678778720480       -4.6070828842939972E-012
   3.0810166110949301E-003  -7.1266708065860787       -4.6714794103449448E-012
   2.7758257905222705E-003  -7.1148464800606153       -4.7314495825194823E-012
   2.4670469339044326E-003  -7.1039194060193962       -4.7868691034710228E-012
   2.1549317903646892E-003  -7.0939122324932686       -4.8376231077730799E-012
   1.8386041425773492E-003  -7.0848457008786809       -4.8836063999954161E-012
   1.5178015070776696E-003  -7.0767386029479677       -4.9247236727376462E-012
   1.1931798562350717E-003  -7.0696077419005334       -4.9608897041683938E-012
   8.7264127227960615E-004  -7.0634678975356504       -4.9920295346605566E-012
   5.7946195180194431E-004  -7.0583317956190657       -5.0180786221565941E-012
   3.4143601625023805E-004  -7.0542100815069118       -5.0389829759417989E-012
   1.7091684527628355E-004  -7.0511112980815742       -5.0546992685483085E-012
   6.3871767802874840E-005  -7.0490418680452631       -5.0651949255579036E-012
   1.2549150313650090E-005  -7.0480060806079834       -5.0704481931174650E-012
