  0.14123742E-01  0.39648293E-09  0.00000000E+00  0.10000000E+01  0.13957987E-01 -0.66428361E-01  0.42865839E+00  0.27725983E-01  0.42865839E+00 -0.27725983E-01 -0.16342296E+01
  0.28247483E-01  0.54096410E-09  0.00000000E+00  0.10000000E+01  0.13957747E-01 -0.66428359E-01  0.27911974E-01  0.27725981E-01  0.27911974E-01 -0.27725981E-01 -0.22253971E-01
  0.42371225E-01  0.73810926E-09  0.00000000E+00  0.10000000E+01  0.14179309E-01 -0.66324440E-01  0.97859931E-01  0.27639302E-01  0.97859931E-01 -0.27639302E-01 -0.68597766E-01
  0.56494966E-01  0.10070741E-08  0.00000000E+00  0.10000000E+01  0.16462885E-01 -0.66199348E-01  0.12063212E+00  0.27535141E-01  0.12063212E+00 -0.27535141E-01 -0.94447002E-01
  0.70618708E-01  0.13740545E-08  0.00000000E+00  0.10000000E+01  0.18149929E-01 -0.66083075E-01  0.11445898E+00  0.27438500E-01  0.11445898E+00 -0.27438500E-01 -0.86861600E-01
  0.84742449E-01  0.18747863E-08  0.00000000E+00  0.10000000E+01  0.19662223E-01 -0.65970489E-01  0.11310107E+00  0.27345086E-01  0.11310107E+00 -0.27345086E-01 -0.84754817E-01
  0.98866191E-01  0.25579825E-08  0.00000000E+00  0.10000000E+01  0.21022559E-01 -0.65861263E-01  0.11197825E+00  0.27254611E-01  0.11197825E+00 -0.27254611E-01 -0.82933154E-01
  0.11298993E+00  0.34901218E-08  0.00000000E+00  0.10000000E+01  0.22266203E-01 -0.65754909E-01  0.11125268E+00  0.27166660E-01  0.11125268E+00 -0.27166660E-01 -0.81571646E-01
  0.12711367E+00  0.47619770E-08  0.00000000E+00  0.10000000E+01  0.23416074E-01 -0.65651096E-01  0.11078172E+00  0.27080947E-01  0.11078172E+00 -0.27080947E-01 -0.80508219E-01
  0.14123742E+00  0.64972773E-08  0.00000000E+00  0.10000000E+01  0.24488445E-01 -0.65549578E-01  0.11048988E+00  0.26997259E-01  0.11048988E+00 -0.26997259E-01 -0.79656467E-01
  0.15536116E+00  0.88649421E-08  0.00000000E+00  0.10000000E+01  0.25495371E-01 -0.65450163E-01  0.11032870E+00  0.26915431E-01  0.11032870E+00 -0.26915431E-01 -0.78961086E-01
  0.16948490E+00  0.12095432E-07  0.00000000E+00  0.10000000E+01  0.26446054E-01 -0.65352699E-01  0.11026538E+00  0.26835330E-01  0.11026538E+00 -0.26835330E-01 -0.78384582E-01
  0.18360864E+00  0.16503125E-07  0.00000000E+00  0.10000000E+01  0.27347707E-01 -0.65257061E-01  0.11027708E+00  0.26756845E-01  0.11027708E+00 -0.26756845E-01 -0.77900791E-01
  0.19773238E+00  0.22517032E-07  0.00000000E+00  0.10000000E+01  0.28206107E-01 -0.65163144E-01  0.11034735E+00  0.26679884E-01  0.11034735E+00 -0.26679884E-01 -0.77490839E-01
  0.21185612E+00  0.30722473E-07  0.00000000E+00  0.10000000E+01  0.29025968E-01 -0.65070856E-01  0.11046406E+00  0.26604366E-01  0.11046406E+00 -0.26604366E-01 -0.77140738E-01
  0.22597986E+00  0.41918053E-07  0.00000000E+00  0.10000000E+01  0.29811199E-01 -0.64980120E-01  0.11061805E+00  0.26530223E-01  0.11061805E+00 -0.26530223E-01 -0.76839884E-01
  0.24010361E+00  0.57193432E-07  0.00000000E+00  0.10000000E+01  0.30565080E-01 -0.64890866E-01  0.11080225E+00  0.26457391E-01  0.11080225E+00 -0.26457391E-01 -0.76580071E-01
  0.25422735E+00  0.78035301E-07  0.00000000E+00  0.10000000E+01  0.31290399E-01 -0.64803033E-01  0.11101116E+00  0.26385817E-01  0.11101116E+00 -0.26385817E-01 -0.76354847E-01
  0.26835109E+00  0.10647217E-06  0.00000000E+00  0.10000000E+01  0.31989552E-01 -0.64716564E-01  0.11124039E+00  0.26315449E-01  0.11124039E+00 -0.26315449E-01 -0.76159059E-01
  0.28247483E+00  0.14527172E-06  0.00000000E+00  0.10000000E+01  0.32664613E-01 -0.64631409E-01  0.11148644E+00  0.26246242E-01  0.11148644E+00 -0.26246242E-01 -0.75988538E-01
  0.29659857E+00  0.19821024E-06  0.00000000E+00  0.10000000E+01  0.33317392E-01 -0.64547521E-01  0.11174644E+00  0.26178154E-01  0.11174644E+00 -0.26178154E-01 -0.75839878E-01
  0.31072231E+00  0.27044008E-06  0.00000000E+00  0.10000000E+01  0.33949484E-01 -0.64464859E-01  0.11201809E+00  0.26111147E-01  0.11201809E+00 -0.26111146E-01 -0.75710265E-01
  0.32484605E+00  0.36899121E-06  0.00000000E+00  0.10000000E+01  0.34562299E-01 -0.64383381E-01  0.11229947E+00  0.26045184E-01  0.11229947E+00 -0.26045184E-01 -0.75597361E-01
  0.33896980E+00  0.50345536E-06  0.00000000E+00  0.10000000E+01  0.35157096E-01 -0.64303051E-01  0.11258901E+00  0.25980233E-01  0.11258901E+00 -0.25980232E-01 -0.75499207E-01
  0.35309354E+00  0.68691963E-06  0.00000000E+00  0.10000000E+01  0.35735000E-01 -0.64223834E-01  0.11288543E+00  0.25916261E-01  0.11288543E+00 -0.25916259E-01 -0.75414160E-01
  0.36721728E+00  0.93724010E-06  0.00000000E+00  0.10000000E+01  0.36297024E-01 -0.64145697E-01  0.11318770E+00  0.25853238E-01  0.11318770E+00 -0.25853236E-01 -0.75340841E-01
  0.38134102E+00  0.12787798E-05  0.00000000E+00  0.10000000E+01  0.36844087E-01 -0.64068609E-01  0.11349499E+00  0.25791136E-01  0.11349499E+00 -0.25791133E-01 -0.75278092E-01
  0.39546476E+00  0.17447800E-05  0.00000000E+00  0.10000000E+01  0.37377023E-01 -0.63992539E-01  0.11380667E+00  0.25729927E-01  0.11380667E+00 -0.25729924E-01 -0.75224961E-01
  0.40958850E+00  0.23805950E-05  0.00000000E+00  0.10000000E+01  0.37896595E-01 -0.63917458E-01  0.11412233E+00  0.25669586E-01  0.11412233E+00 -0.25669581E-01 -0.75180677E-01
  0.42371225E+00  0.32481070E-05  0.00000000E+00  0.10000000E+01  0.38403502E-01 -0.63843336E-01  0.11444177E+00  0.25610085E-01  0.11444177E+00 -0.25610079E-01 -0.75144649E-01
  0.43783599E+00  0.44317480E-05  0.00000000E+00  0.10000000E+01  0.38898390E-01 -0.63770146E-01  0.11476500E+00  0.25551400E-01  0.11476500E+00 -0.25551391E-01 -0.75116466E-01
  0.45195973E+00  0.60467179E-05  0.00000000E+00  0.10000000E+01  0.39381861E-01 -0.63697857E-01  0.11509232E+00  0.25493504E-01  0.11509232E+00 -0.25493491E-01 -0.75095915E-01
  0.46608347E+00  0.82501954E-05  0.00000000E+00  0.10000000E+01  0.39854476E-01 -0.63626439E-01  0.11542439E+00  0.25436369E-01  0.11542439E+00 -0.25436353E-01 -0.75083010E-01
  0.48020721E+00  0.11256635E-04  0.00000000E+00  0.10000000E+01  0.40316765E-01 -0.63555860E-01  0.11576228E+00  0.25379968E-01  0.11576229E+00 -0.25379946E-01 -0.75078035E-01
  0.49433095E+00  0.15358639E-04  0.00000000E+00  0.10000000E+01  0.40769236E-01 -0.63486082E-01  0.11610764E+00  0.25324270E-01  0.11610764E+00 -0.25324239E-01 -0.75081615E-01
  0.50845469E+00  0.20955429E-04  0.00000000E+00  0.10000000E+01  0.41212379E-01 -0.63417065E-01  0.11646286E+00  0.25269239E-01  0.11646287E+00 -0.25269196E-01 -0.75094808E-01
  0.52257844E+00  0.28591697E-04  0.00000000E+00  0.10000000E+01  0.41646680E-01 -0.63348761E-01  0.11683134E+00  0.25214835E-01  0.11683136E+00 -0.25214776E-01 -0.75119245E-01
  0.53670218E+00  0.39010611E-04  0.00000000E+00  0.10000000E+01  0.42072628E-01 -0.63281110E-01  0.11721785E+00  0.25161009E-01  0.11721787E+00 -0.25160929E-01 -0.75157320E-01
  0.55082592E+00  0.53226116E-04  0.00000000E+00  0.10000000E+01  0.42490732E-01 -0.63214040E-01  0.11762897E+00  0.25107702E-01  0.11762899E+00 -0.25107593E-01 -0.75212441E-01
  0.56494966E+00  0.72621584E-04  0.00000000E+00  0.10000000E+01  0.42901537E-01 -0.63147458E-01  0.11807378E+00  0.25054840E-01  0.11807381E+00 -0.25054690E-01 -0.75289394E-01
  0.57907340E+00  0.99084379E-04  0.00000000E+00  0.10000000E+01  0.43305649E-01 -0.63081246E-01  0.11856474E+00  0.25002326E-01  0.11856479E+00 -0.25002121E-01 -0.75394825E-01
  0.59319714E+00  0.13518940E-03  0.00000000E+00  0.10000000E+01  0.43703763E-01 -0.63015247E-01  0.11911894E+00  0.24950035E-01  0.11911899E+00 -0.24949754E-01 -0.75537911E-01
  0.60732088E+00  0.18444945E-03  0.00000000E+00  0.10000000E+01  0.44096709E-01 -0.62949253E-01  0.11975970E+00  0.24897804E-01  0.11975978E+00 -0.24897418E-01 -0.75731263E-01
  0.62144463E+00  0.25165661E-03  0.00000000E+00  0.10000000E+01  0.44485501E-01 -0.62882988E-01  0.12051891E+00  0.24845413E-01  0.12051902E+00 -0.24844883E-01 -0.75992168E-01
  0.63556837E+00  0.34334776E-03  0.00000000E+00  0.10000000E+01  0.44871417E-01 -0.62816079E-01  0.12144012E+00  0.24792569E-01  0.12144027E+00 -0.24791841E-01 -0.76344290E-01
  0.64969211E+00  0.46843909E-03  0.00000000E+00  0.10000000E+01  0.45256101E-01 -0.62748025E-01  0.12258269E+00  0.24738878E-01  0.12258289E+00 -0.24737876E-01 -0.76819936E-01
  0.66381585E+00  0.63909076E-03  0.00000000E+00  0.10000000E+01  0.45641697E-01 -0.62678147E-01  0.12402760E+00  0.24683809E-01  0.12402788E+00 -0.24682426E-01 -0.77463228E-01
  0.67793959E+00  0.87188457E-03  0.00000000E+00  0.10000000E+01  0.46031039E-01 -0.62605525E-01  0.12588517E+00  0.24626642E-01  0.12588554E+00 -0.24624727E-01 -0.78334316E-01
  0.69206333E+00  0.11894270E-02  0.00000000E+00  0.10000000E+01  0.46427907E-01 -0.62528909E-01  0.12830564E+00  0.24566404E-01  0.12830615E+00 -0.24563740E-01 -0.79515155E-01
  0.70618708E+00  0.16225290E-02  0.00000000E+00  0.10000000E+01  0.46837366E-01 -0.62446604E-01  0.13149339E+00  0.24501774E-01  0.13149408E+00 -0.24498050E-01 -0.81117252E-01
  0.72031082E+00  0.22131676E-02  0.00000000E+00  0.10000000E+01  0.47266241E-01 -0.62356303E-01  0.13572634E+00  0.24430964E-01  0.13572729E+00 -0.24425721E-01 -0.83292296E-01
  0.73443456E+00  0.30185011E-02  0.00000000E+00  0.10000000E+01  0.47723740E-01 -0.62254878E-01  0.14138131E+00  0.24351552E-01  0.14138259E+00 -0.24344104E-01 -0.86245924E-01
  0.74855830E+00  0.41163033E-02  0.00000000E+00  0.10000000E+01  0.48222312E-01 -0.62138078E-01  0.14896897E+00  0.24260264E-01  0.14897072E+00 -0.24249561E-01 -0.90256866E-01
  0.76268204E+00  0.56122922E-02  0.00000000E+00  0.10000000E+01  0.48778782E-01 -0.62000147E-01  0.15917877E+00  0.24152679E-01  0.15918114E+00 -0.24137087E-01 -0.95701363E-01
  0.77680578E+00  0.76499758E-02  0.00000000E+00  0.10000000E+01  0.49415870E-01 -0.61833293E-01  0.17293845E+00  0.24022856E-01  0.17294165E+00 -0.23999765E-01 -0.10308564E+00
  0.79092952E+00  0.10423799E-01  0.00000000E+00  0.10000000E+01  0.50164204E-01 -0.61627007E-01  0.19148964E+00  0.23862835E-01  0.19149398E+00 -0.23827997E-01 -0.11308701E+00
  0.80505327E+00  0.14196557E-01  0.00000000E+00  0.10000000E+01  0.51064926E-01 -0.61367168E-01  0.21648195E+00  0.23662033E-01  0.21648781E+00 -0.23608393E-01 -0.12660501E+00
  0.81917701E+00  0.19322207E-01  0.00000000E+00  0.10000000E+01  0.52173053E-01 -0.61034899E-01  0.25008733E+00  0.23406493E-01  0.25009521E+00 -0.23322153E-01 -0.14482336E+00
  0.83330075E+00  0.26275264E-01  0.00000000E+00  0.10000000E+01  0.53561641E-01 -0.60605162E-01  0.29512043E+00  0.23078050E-01  0.29513098E+00 -0.22942708E-01 -0.16927476E+00
  0.84742449E+00  0.35687846E-01  0.00000000E+00  0.10000000E+01  0.55326803E-01 -0.60045075E-01  0.35516477E+00  0.22653467E-01  0.35517881E+00 -0.22432240E-01 -0.20190839E+00
  0.86154823E+00  0.48394810E-01  0.00000000E+00  0.10000000E+01  0.57593331E-01 -0.59312071E-01  0.43464941E+00  0.22103755E-01  0.43466792E+00 -0.21736621E-01 -0.24512899E+00
  0.87567197E+00  0.65486038E-01  0.00000000E+00  0.10000000E+01  0.60520360E-01 -0.58352101E-01  0.53882627E+00  0.21394043E-01  0.53885037E+00 -0.20778180E-01 -0.30178013E+00
  0.88979571E+00  0.88362210E-01  0.00000000E+00  0.10000000E+01  0.64305820E-01 -0.57098381E-01  0.67353074E+00  0.20484599E-01  0.67356153E+00 -0.19445848E-01 -0.37500647E+00
  0.90391946E+00  0.11878587E+00  0.00000000E+00  0.10000000E+01  0.69187491E-01 -0.55471484E-01  0.84457027E+00  0.19333899E-01  0.84460854E+00 -0.17582892E-01 -0.46790928E+00
  0.91804320E+00  0.15891308E+00  0.00000000E+00  0.10000000E+01  0.75437457E-01 -0.53381977E-01  0.10565788E+01  0.17904788E-01  0.10566244E+01 -0.14974242E-01 -0.58290681E+00
  0.93216694E+00  0.21128329E+00  0.00000000E+00  0.10000000E+01  0.83345668E-01 -0.50737149E-01  0.13111577E+01  0.16174542E-01  0.13112085E+01 -0.11339432E-01 -0.72070216E+00
  0.94629068E+00  0.27873948E+00  0.00000000E+00  0.10000000E+01  0.93189397E-01 -0.47452943E-01  0.16045296E+01  0.14148363E-01  0.16045794E+01 -0.63423153E-02 -0.87898963E+00
  0.96041442E+00  0.36425299E+00  0.00000000E+00  0.10000000E+01  0.10518787E+00 -0.43471142E-01  0.19251594E+01  0.11873588E-01  0.19251960E+01  0.36560485E-03 -0.10511558E+01
  0.97453816E+00  0.47064545E+00  0.00000000E+00  0.10000000E+01  0.11944868E+00 -0.38778995E-01  0.22526589E+01  0.94487201E-02  0.22526605E+01  0.90554357E-02 -0.12257105E+01
  0.98866191E+00  0.60023640E+00  0.00000000E+00  0.10000000E+01  0.13592064E+00 -0.33425272E-01  0.25594069E+01  0.70198814E-02  0.25593400E+01  0.19792621E-01 -0.13872361E+01
  0.10027856E+01  0.75449043E+00  0.00000000E+00  0.10000000E+01  0.15437364E+00 -0.27524548E-01  0.28158872E+01  0.47601459E-02  0.28157057E+01  0.32319762E-01 -0.15193968E+01
  0.10169094E+01  0.93376534E+00  0.00000000E+00  0.10000000E+01  0.17441723E+00 -0.21245196E-01  0.29979453E+01  0.28359682E-02  0.29975934E+01  0.46020599E-01 -0.16089746E+01
  0.10310331E+01  0.11372473E+01  0.00000000E+00  0.10000000E+01  0.19556499E+00 -0.14779256E-01  0.30951115E+01  0.13724137E-02  0.30945290E+01  0.60057794E-01 -0.16504645E+01
  0.10451569E+01  0.13630963E+01  0.00000000E+00  0.10000000E+01  0.21730577E+00 -0.83106039E-02  0.31110017E+01  0.43395535E-03  0.31101317E+01  0.73571533E-01 -0.16461959E+01
  0.10592806E+01  0.16087508E+01  0.00000000E+00  0.10000000E+01  0.23918487E+00 -0.19829867E-02  0.30637010E+01  0.24706969E-04  0.30624941E+01  0.85986593E-01 -0.16065108E+01
  0.10734044E+01  0.18712907E+01  0.00000000E+00  0.10000000E+01  0.26083696E+00  0.41096441E-02  0.29753470E+01  0.10611782E-03  0.29737637E+01  0.97052046E-01 -0.15439008E+01
  0.10875281E+01  0.21477677E+01  0.00000000E+00  0.10000000E+01  0.28201385E+00  0.99263866E-02  0.28696881E+01  0.61910207E-03  0.28676954E+01  0.10692818E+00 -0.14717160E+01
  0.11016518E+01  0.24354435E+01  0.00000000E+00  0.10000000E+01  0.30256402E+00  0.15463879E-01  0.27633301E+01  0.15025079E-02  0.27608979E+01  0.11592300E+00 -0.13992749E+01
  0.11157756E+01  0.27319247E+01  0.00000000E+00  0.10000000E+01  0.32242159E+00  0.20744902E-01  0.26678863E+01  0.27039750E-02  0.26649831E+01  0.12445861E+00 -0.13331284E+01
  0.11298993E+01  0.30352123E+01  0.00000000E+00  0.10000000E+01  0.34158274E+00  0.25805993E-01  0.25894908E+01  0.41842830E-02  0.25860798E+01  0.13293429E+00 -0.12767603E+01
  0.11440231E+01  0.33436916E+01  0.00000000E+00  0.10000000E+01  0.36007551E+00  0.30684729E-01  0.25284581E+01  0.59159495E-02  0.25244988E+01  0.14156722E+00 -0.12303900E+01
  0.11581468E+01  0.36560913E+01  0.00000000E+00  0.10000000E+01  0.37795705E+00  0.35419484E-01  0.24851816E+01  0.78825065E-02  0.24806263E+01  0.15060744E+00 -0.11942828E+01
  0.11722705E+01  0.39714287E+01  0.00000000E+00  0.10000000E+01  0.39528641E+00  0.40041430E-01  0.24563088E+01  0.10073932E-01  0.24511082E+01  0.16007180E+00 -0.11665679E+01
  0.11863943E+01  0.42889546E+01  0.00000000E+00  0.10000000E+01  0.41212731E+00  0.44577207E-01  0.24397708E+01  0.12485490E-01  0.24338722E+01  0.17001138E+00 -0.11460946E+01
  0.12005180E+01  0.46081043E+01  0.00000000E+00  0.10000000E+01  0.42854268E+00  0.49049256E-01  0.24336794E+01  0.15116273E-01  0.24270271E+01  0.18045419E+00 -0.11317887E+01
  0.12146418E+01  0.49284546E+01  0.00000000E+00  0.10000000E+01  0.44458265E+00  0.53472616E-01  0.24345812E+01  0.17965642E-01  0.24271234E+01  0.19125986E+00 -0.11216864E+01
  0.12287655E+01  0.52496906E+01  0.00000000E+00  0.10000000E+01  0.46029903E+00  0.57861390E-01  0.24420819E+01  0.21035731E-01  0.24337630E+01  0.20249382E+00 -0.11155475E+01
  0.12428893E+01  0.55715790E+01  0.00000000E+00  0.10000000E+01  0.47572873E+00  0.62223719E-01  0.24533724E+01  0.24327182E-01  0.24441438E+01  0.21398375E+00 -0.11117573E+01
  0.12570130E+01  0.58939473E+01  0.00000000E+00  0.10000000E+01  0.49091144E+00  0.66568313E-01  0.24687539E+01  0.27842933E-01  0.24585623E+01  0.22581432E+00 -0.11104719E+01
  0.12711367E+01  0.62166681E+01  0.00000000E+00  0.10000000E+01  0.50587570E+00  0.70899775E-01  0.24863120E+01  0.31584179E-01  0.24751115E+01  0.23784072E+00 -0.11105968E+01
  0.12852605E+01  0.65396478E+01  0.00000000E+00  0.10000000E+01  0.52065155E+00  0.75222785E-01  0.25061194E+01  0.35553200E-01  0.24938619E+01  0.25010189E+00 -0.11121798E+01
  0.12993842E+01  0.68628176E+01  0.00000000E+00  0.10000000E+01  0.53526859E+00  0.79542075E-01  0.25282668E+01  0.39753348E-01  0.25149022E+01  0.26264056E+00 -0.11152622E+01
  0.13135080E+01  0.71861268E+01  0.00000000E+00  0.10000000E+01  0.54974550E+00  0.83858771E-01  0.25510373E+01  0.44185204E-01  0.25365262E+01  0.27527881E+00 -0.11188523E+01
  0.13276317E+01  0.75095382E+01  0.00000000E+00  0.10000000E+01  0.56410454E+00  0.88176038E-01  0.25753750E+01  0.48851853E-01  0.25596708E+01  0.28814610E+00 -0.11234554E+01
  0.13417554E+01  0.78330246E+01  0.00000000E+00  0.10000000E+01  0.57835717E+00  0.92493956E-01  0.25997867E+01  0.53753480E-01  0.25828552E+01  0.30106419E+00 -0.11282007E+01
  0.13558792E+01  0.81565660E+01  0.00000000E+00  0.10000000E+01  0.59251623E+00  0.96813362E-01  0.26246057E+01  0.58891210E-01  0.26064108E+01  0.31407986E+00 -0.11332699E+01
  0.13700029E+01  0.84801477E+01  0.00000000E+00  0.10000000E+01  0.60659531E+00  0.10113599E+00  0.26502720E+01  0.64267494E-01  0.26307739E+01  0.32726207E+00 -0.11388990E+01
  0.13841267E+01  0.88037589E+01  0.00000000E+00  0.10000000E+01  0.62060013E+00  0.10546093E+00  0.26755139E+01  0.69881635E-01  0.26546873E+01  0.34043088E+00 -0.11443650E+01
  0.13982504E+01  0.91273919E+01  0.00000000E+00  0.10000000E+01  0.63454363E+00  0.10979009E+00  0.27016822E+01  0.75736657E-01  0.26794878E+01  0.35379047E+00 -0.11504287E+01
  0.14123742E+01  0.94510406E+01  0.00000000E+00  0.10000000E+01  0.64842905E+00  0.11412226E+00  0.27272877E+01  0.81831512E-01  0.27037053E+01  0.36711288E+00 -0.11562397E+01
  0.14264979E+01  0.97747011E+01  0.00000000E+00  0.10000000E+01  0.66226762E+00  0.11845922E+00  0.27537538E+01  0.88169351E-01  0.27287463E+01  0.38062745E+00 -0.11626019E+01
  0.14406216E+01  0.10098370E+02  0.00000000E+00  0.10000000E+01  0.67606166E+00  0.12279993E+00  0.27797292E+01  0.94749319E-01  0.27532793E+01  0.39411269E+00 -0.11687420E+01
  0.14547454E+01  0.10422045E+02  0.00000000E+00  0.10000000E+01  0.68981673E+00  0.12714447E+00  0.28057461E+01  0.10157220E+00  0.27778309E+01  0.40765621E+00 -0.11749628E+01
  0.14688691E+01  0.10745725E+02  0.00000000E+00  0.10000000E+01  0.70354013E+00  0.13149406E+00  0.28323308E+01  0.10864060E+00  0.28029200E+01  0.42135465E+00 -0.11815518E+01
  0.14829929E+01  0.11069408E+02  0.00000000E+00  0.10000000E+01  0.71723114E+00  0.13584700E+00  0.28581064E+01  0.11595247E+00  0.28271949E+01  0.43495550E+00 -0.11877298E+01
  0.14971166E+01  0.11393094E+02  0.00000000E+00  0.10000000E+01  0.73089810E+00  0.14020501E+00  0.28846742E+01  0.12351137E+00  0.28522300E+01  0.44875863E+00 -0.11944022E+01
  0.15112403E+01  0.11716781E+02  0.00000000E+00  0.10000000E+01  0.74453979E+00  0.14456659E+00  0.29105283E+01  0.13131543E+00  0.28765495E+01  0.46247363E+00 -0.12007118E+01
  0.15253641E+01  0.12040470E+02  0.00000000E+00  0.10000000E+01  0.75816069E+00  0.14893220E+00  0.29365532E+01  0.13936608E+00  0.29010226E+01  0.47627237E+00 -0.12071641E+01
  0.15394878E+01  0.12364160E+02  0.00000000E+00  0.10000000E+01  0.77176501E+00  0.15330254E+00  0.29629017E+01  0.14766534E+00  0.29258001E+01  0.49018897E+00 -0.12138383E+01
  0.15536116E+01  0.12687850E+02  0.00000000E+00  0.10000000E+01  0.78535113E+00  0.15767609E+00  0.29885020E+01  0.15621097E+00  0.29498363E+01  0.50399612E+00 -0.12201313E+01
  0.15677353E+01  0.13011541E+02  0.00000000E+00  0.10000000E+01  0.79892604E+00  0.16205456E+00  0.30148812E+01  0.16500700E+00  0.29746242E+01  0.51802203E+00 -0.12269061E+01
  0.15818590E+01  0.13335232E+02  0.00000000E+00  0.10000000E+01  0.81248738E+00  0.16643644E+00  0.30405240E+01  0.17405107E+00  0.29986876E+01  0.53193297E+00 -0.12333015E+01
  0.15959828E+01  0.13658924E+02  0.00000000E+00  0.10000000E+01  0.82603804E+00  0.17082198E+00  0.30662287E+01  0.18334428E+00  0.30228068E+01  0.54590501E+00 -0.12397747E+01
  0.16101065E+01  0.13982616E+02  0.00000000E+00  0.10000000E+01  0.83958116E+00  0.17521182E+00  0.30922172E+01  0.19288865E+00  0.30471992E+01  0.55999152E+00 -0.12464447E+01
  0.16242303E+01  0.14306308E+02  0.00000000E+00  0.10000000E+01  0.85311452E+00  0.17960457E+00  0.31174968E+01  0.20268176E+00  0.30709024E+01  0.57395493E+00 -0.12527527E+01
  0.16383540E+01  0.14630000E+02  0.00000000E+00  0.10000000E+01  0.86664331E+00  0.18400158E+00  0.31433715E+01  0.21272719E+00  0.30951840E+01  0.58811033E+00 -0.12594369E+01
  0.16524778E+01  0.14953692E+02  0.00000000E+00  0.10000000E+01  0.88016432E+00  0.18840128E+00  0.31684531E+01  0.22302194E+00  0.31187007E+01  0.60211296E+00 -0.12657095E+01
  0.16666015E+01  0.15277384E+02  0.00000000E+00  0.10000000E+01  0.89368264E+00  0.19280502E+00  0.31941236E+01  0.23356972E+00  0.31427918E+01  0.61631125E+00 -0.12723557E+01
  0.16807252E+01  0.15601076E+02  0.00000000E+00  0.10000000E+01  0.90719578E+00  0.19721159E+00  0.32191723E+01  0.24436823E+00  0.31662899E+01  0.63039239E+00 -0.12786866E+01
  0.16948490E+01  0.15924769E+02  0.00000000E+00  0.10000000E+01  0.92070525E+00  0.20162107E+00  0.32441795E+01  0.25541811E+00  0.31897572E+01  0.64450574E+00 -0.12850363E+01
  0.17089727E+01  0.16248461E+02  0.00000000E+00  0.10000000E+01  0.93421301E+00  0.20603392E+00  0.32693667E+01  0.26672108E+00  0.32134090E+01  0.65871185E+00 -0.12915256E+01
  0.17230965E+01  0.16572153E+02  0.00000000E+00  0.10000000E+01  0.94771699E+00  0.21044909E+00  0.32939704E+01  0.27827486E+00  0.32365135E+01  0.67279904E+00 -0.12977249E+01
  0.17372202E+01  0.16895846E+02  0.00000000E+00  0.10000000E+01  0.96122176E+00  0.21486792E+00  0.33191521E+01  0.29008351E+00  0.32601876E+01  0.68709262E+00 -0.13042917E+01
  0.17513439E+01  0.17219538E+02  0.00000000E+00  0.10000000E+01  0.97472323E+00  0.21928873E+00  0.33434716E+01  0.30214297E+00  0.32830533E+01  0.70118043E+00 -0.13104103E+01
  0.17654677E+01  0.17543230E+02  0.00000000E+00  0.10000000E+01  0.98822351E+00  0.22371189E+00  0.33678804E+01  0.31445464E+00  0.33060242E+01  0.71533509E+00 -0.13166247E+01
  0.17795914E+01  0.17866923E+02  0.00000000E+00  0.10000000E+01  0.10017255E+01  0.22813839E+00  0.33926860E+01  0.32702175E+00  0.33293951E+01  0.72965053E+00 -0.13231020E+01
  0.17937152E+01  0.18190615E+02  0.00000000E+00  0.10000000E+01  0.10152243E+01  0.23256617E+00  0.34164424E+01  0.33983880E+00  0.33517902E+01  0.74368791E+00 -0.13290293E+01
  0.18078389E+01  0.18514307E+02  0.00000000E+00  0.10000000E+01  0.10287256E+01  0.23699704E+00  0.34409770E+01  0.35291144E+00  0.33749512E+01  0.75800655E+00 -0.13354423E+01
  0.18219627E+01  0.18838000E+02  0.00000000E+00  0.10000000E+01  0.10422253E+01  0.24142944E+00  0.34646809E+01  0.36623543E+00  0.33973513E+01  0.77210470E+00 -0.13414262E+01
  0.18360864E+01  0.19161692E+02  0.00000000E+00  0.10000000E+01  0.10557265E+01  0.24586420E+00  0.34887045E+01  0.37981356E+00  0.34200846E+01  0.78634515E+00 -0.13476386E+01
  0.18502101E+01  0.19485385E+02  0.00000000E+00  0.10000000E+01  0.10692279E+01  0.25030073E+00  0.35123627E+01  0.39364444E+00  0.34425044E+01  0.80050714E+00 -0.13536871E+01
  0.18643339E+01  0.19809077E+02  0.00000000E+00  0.10000000E+01  0.10827280E+01  0.25473826E+00  0.35355552E+01  0.40772583E+00  0.34645191E+01  0.81455411E+00 -0.13595210E+01
  0.18784576E+01  0.20132769E+02  0.00000000E+00  0.10000000E+01  0.10962308E+01  0.25917821E+00  0.35593323E+01  0.42206257E+00  0.34871210E+01  0.82883708E+00 -0.13657311E+01
  0.18925814E+01  0.20456462E+02  0.00000000E+00  0.10000000E+01  0.11097324E+01  0.26361900E+00  0.35822590E+01  0.43664982E+00  0.35089619E+01  0.84286968E+00 -0.13715056E+01
  0.19067051E+01  0.20780154E+02  0.00000000E+00  0.10000000E+01  0.11232356E+01  0.26806144E+00  0.36054843E+01  0.45149045E+00  0.35311238E+01  0.85704469E+00 -0.13774998E+01
  0.19208288E+01  0.21103846E+02  0.00000000E+00  0.10000000E+01  0.11367383E+01  0.27250478E+00  0.36282467E+01  0.46658217E+00  0.35528952E+01  0.87109627E+00 -0.13832788E+01
  0.19349526E+01  0.21427539E+02  0.00000000E+00  0.10000000E+01  0.11502407E+01  0.27694890E+00  0.36508302E+01  0.48192470E+00  0.35745448E+01  0.88512261E+00 -0.13890079E+01
  0.19490763E+01  0.21751231E+02  0.00000000E+00  0.10000000E+01  0.11637441E+01  0.28139424E+00  0.36735308E+01  0.49751971E+00  0.35963508E+01  0.89923040E+00 -0.13948523E+01
  0.19632001E+01  0.22074923E+02  0.00000000E+00  0.10000000E+01  0.11772458E+01  0.28583969E+00  0.36955834E+01  0.51336345E+00  0.36176036E+01  0.91313900E+00 -0.14003812E+01
  0.19773238E+01  0.22398616E+02  0.00000000E+00  0.10000000E+01  0.11907495E+01  0.29028657E+00  0.37181499E+01  0.52946075E+00  0.36393849E+01  0.92727806E+00 -0.14062526E+01
  0.19914476E+01  0.22722308E+02  0.00000000E+00  0.10000000E+01  0.12042497E+01  0.29473279E+00  0.37396111E+01  0.54580410E+00  0.36601967E+01  0.94103866E+00 -0.14115504E+01
  0.20055713E+01  0.23046001E+02  0.00000000E+00  0.10000000E+01  0.12177522E+01  0.29918032E+00  0.37618776E+01  0.56240080E+00  0.36818084E+01  0.95514636E+00 -0.14173590E+01
  0.20196950E+01  0.23369693E+02  0.00000000E+00  0.10000000E+01  0.12312516E+01  0.30362727E+00  0.37831370E+01  0.57924384E+00  0.37025499E+01  0.96890284E+00 -0.14226485E+01
  0.20338188E+01  0.23693385E+02  0.00000000E+00  0.10000000E+01  0.12447494E+01  0.30807399E+00  0.38044177E+01  0.59633451E+00  0.37233718E+01  0.98270622E+00 -0.14280094E+01
  0.20479425E+01  0.24017078E+02  0.00000000E+00  0.10000000E+01  0.12582480E+01  0.31252143E+00  0.38260263E+01  0.61367651E+00  0.37445567E+01  0.99667991E+00 -0.14336076E+01
  0.20620663E+01  0.24340770E+02  0.00000000E+00  0.10000000E+01  0.12717419E+01  0.31696752E+00  0.38465180E+01  0.63126164E+00  0.37647844E+01  0.10102427E+01 -0.14386310E+01
  0.20761900E+01  0.24664462E+02  0.00000000E+00  0.10000000E+01  0.12852363E+01  0.32141404E+00  0.38677225E+01  0.64909694E+00  0.37857297E+01  0.10241361E+01 -0.14441170E+01
  0.20903137E+01  0.24988155E+02  0.00000000E+00  0.10000000E+01  0.12987277E+01  0.32585977E+00  0.38882104E+01  0.66717748E+00  0.38060913E+01  0.10377738E+01 -0.14492514E+01
  0.21044375E+01  0.25311847E+02  0.00000000E+00  0.10000000E+01  0.13122148E+01  0.33030409E+00  0.39082547E+01  0.68550049E+00  0.38261216E+01  0.10512655E+01 -0.14541980E+01
  0.21185612E+01  0.25635540E+02  0.00000000E+00  0.10000000E+01  0.13257018E+01  0.33474858E+00  0.39289084E+01  0.70407248E+00  0.38467772E+01  0.10650562E+01 -0.14595469E+01
  0.21326850E+01  0.25959232E+02  0.00000000E+00  0.10000000E+01  0.13391825E+01  0.33919100E+00  0.39483553E+01  0.72288385E+00  0.38664179E+01  0.10783706E+01 -0.14642722E+01
  0.21468087E+01  0.26282924E+02  0.00000000E+00  0.10000000E+01  0.13526623E+01  0.34363314E+00  0.39685009E+01  0.74194202E+00  0.38867660E+01  0.10920292E+01 -0.14694569E+01
  0.21609324E+01  0.26606617E+02  0.00000000E+00  0.10000000E+01  0.13661374E+01  0.34807378E+00  0.39879141E+01  0.76124159E+00  0.39065355E+01  0.11054086E+01 -0.14742849E+01
  0.21750562E+01  0.26930309E+02  0.00000000E+00  0.10000000E+01  0.13796067E+01  0.35251228E+00  0.40068685E+01  0.78077946E+00  0.39259760E+01  0.11186262E+01 -0.14789205E+01
  0.21891799E+01  0.27254001E+02  0.00000000E+00  0.10000000E+01  0.13930737E+01  0.35695006E+00  0.40263391E+01  0.80056169E+00  0.39459617E+01  0.11321182E+01 -0.14839100E+01
  0.22033037E+01  0.27577694E+02  0.00000000E+00  0.10000000E+01  0.14065341E+01  0.36138554E+00  0.40448923E+01  0.82058092E+00  0.39652161E+01  0.11452373E+01 -0.14884428E+01
  0.22174274E+01  0.27901386E+02  0.00000000E+00  0.10000000E+01  0.14199905E+01  0.36581951E+00  0.40636789E+01  0.84084048E+00  0.39847660E+01  0.11585070E+01 -0.14931756E+01
  0.22315512E+01  0.28225078E+02  0.00000000E+00  0.10000000E+01  0.14334396E+01  0.37025088E+00  0.40817586E+01  0.86133495E+00  0.40037801E+01  0.11714933E+01 -0.14975727E+01
  0.22456749E+01  0.28548771E+02  0.00000000E+00  0.10000000E+01  0.14468851E+01  0.37468094E+00  0.41002964E+01  0.88207008E+00  0.40232911E+01  0.11847392E+01 -0.15022962E+01
  0.22597986E+01  0.28872463E+02  0.00000000E+00  0.10000000E+01  0.14603221E+01  0.37910797E+00  0.41178509E+01  0.90303735E+00  0.40420304E+01  0.11975652E+01 -0.15065290E+01
  0.22739224E+01  0.29196155E+02  0.00000000E+00  0.10000000E+01  0.14737520E+01  0.38353231E+00  0.41353754E+01  0.92423794E+00  0.40608401E+01  0.12104227E+01 -0.15108169E+01
  0.22880461E+01  0.29519848E+02  0.00000000E+00  0.10000000E+01  0.14871770E+01  0.38795490E+00  0.41531769E+01  0.94567600E+00  0.40799907E+01  0.12234611E+01 -0.15153269E+01
  0.23021699E+01  0.29843540E+02  0.00000000E+00  0.10000000E+01  0.15005914E+01  0.39237365E+00  0.41698112E+01  0.96734089E+00  0.40982232E+01  0.12359773E+01 -0.15192464E+01
  0.23162936E+01  0.30167232E+02  0.00000000E+00  0.10000000E+01  0.15140005E+01  0.39679034E+00  0.41871083E+01  0.98924091E+00  0.41171350E+01  0.12488686E+01 -0.15236140E+01
  0.23304173E+01  0.30490924E+02  0.00000000E+00  0.10000000E+01  0.15273998E+01  0.40120358E+00  0.42035608E+01  0.10113686E+01  0.41354188E+01  0.12613887E+01 -0.15275708E+01
  0.23445411E+01  0.30814616E+02  0.00000000E+00  0.10000000E+01  0.15407895E+01  0.40561322E+00  0.42197483E+01  0.10337228E+01  0.41535801E+01  0.12738252E+01 -0.15314537E+01
  0.23586648E+01  0.31138308E+02  0.00000000E+00  0.10000000E+01  0.15541719E+01  0.41002021E+00  0.42361953E+01  0.10563076E+01  0.41720735E+01  0.12864445E+01 -0.15355540E+01
  0.23727886E+01  0.31462000E+02  0.00000000E+00  0.10000000E+01  0.15675424E+01  0.41442292E+00  0.42516881E+01  0.10791142E+01  0.41898579E+01  0.12986264E+01 -0.15391870E+01
  0.23869123E+01  0.31785691E+02  0.00000000E+00  0.10000000E+01  0.15809046E+01  0.41882251E+00  0.42675304E+01  0.11021480E+01  0.42080537E+01  0.13110416E+01 -0.15430943E+01
  0.24010361E+01  0.32109383E+02  0.00000000E+00  0.10000000E+01  0.15942550E+01  0.42321787E+00  0.42826380E+01  0.11254025E+01  0.42257371E+01  0.13231267E+01 -0.15466580E+01
  0.24151598E+01  0.32433073E+02  0.00000000E+00  0.10000000E+01  0.16075951E+01  0.42760947E+00  0.42977899E+01  0.11488796E+01  0.42435744E+01  0.13352897E+01 -0.15503247E+01
  0.24292835E+01  0.32756763E+02  0.00000000E+00  0.10000000E+01  0.16209236E+01  0.43199689E+00  0.43125267E+01  0.11725763E+01  0.42611781E+01  0.13472875E+01 -0.15538308E+01
  0.24434073E+01  0.33080453E+02  0.00000000E+00  0.10000000E+01  0.16342394E+01  0.43637967E+00  0.43268328E+01  0.11964895E+01  0.42785380E+01  0.13591107E+01 -0.15571717E+01
  0.24575310E+01  0.33404141E+02  0.00000000E+00  0.10000000E+01  0.16475439E+01  0.44075842E+00  0.43412282E+01  0.12206218E+01  0.42960947E+01  0.13710396E+01 -0.15606405E+01
  0.24716548E+01  0.33727828E+02  0.00000000E+00  0.10000000E+01  0.16608341E+01  0.44513201E+00  0.43548742E+01  0.12449661E+01  0.43131470E+01  0.13826181E+01 -0.15637628E+01
  0.24857785E+01  0.34051513E+02  0.00000000E+00  0.10000000E+01  0.16741127E+01  0.44950143E+00  0.43687794E+01  0.12695273E+01  0.43305410E+01  0.13943987E+01 -0.15671122E+01
  0.24999022E+01  0.34375195E+02  0.00000000E+00  0.10000000E+01  0.16873759E+01  0.45386542E+00  0.43818803E+01  0.12942974E+01  0.43473929E+01  0.14057936E+01 -0.15700842E+01
  0.25140260E+01  0.34698873E+02  0.00000000E+00  0.10000000E+01  0.17006238E+01  0.45822385E+00  0.43946808E+01  0.13192748E+01  0.43641246E+01  0.14170821E+01 -0.15729700E+01
  0.25281497E+01  0.35022546E+02  0.00000000E+00  0.10000000E+01  0.17138585E+01  0.46257763E+00  0.44077064E+01  0.13444638E+01  0.43811727E+01  0.14285604E+01 -0.15760627E+01
  0.25422735E+01  0.35346212E+02  0.00000000E+00  0.10000000E+01  0.17270750E+01  0.46692498E+00  0.44196664E+01  0.13698534E+01  0.43974765E+01  0.14394964E+01 -0.15786335E+01
  0.25563972E+01  0.35669869E+02  0.00000000E+00  0.10000000E+01  0.17402770E+01  0.47126719E+00  0.44320146E+01  0.13954500E+01  0.44142322E+01  0.14507201E+01 -0.15815095E+01
  0.25705210E+01  0.35993512E+02  0.00000000E+00  0.10000000E+01  0.17534583E+01  0.47560212E+00  0.44431289E+01  0.14212401E+01  0.44301162E+01  0.14612967E+01 -0.15837687E+01
  0.25846447E+01  0.36317138E+02  0.00000000E+00  0.10000000E+01  0.17666235E+01  0.47993137E+00  0.44547659E+01  0.14472320E+01  0.44465621E+01  0.14722451E+01 -0.15864115E+01
  0.25987684E+01  0.36640739E+02  0.00000000E+00  0.10000000E+01  0.17797661E+01  0.48425279E+00  0.44651799E+01  0.14734118E+01  0.44621562E+01  0.14825438E+01 -0.15884442E+01
  0.26128922E+01  0.36964307E+02  0.00000000E+00  0.10000000E+01  0.17928859E+01  0.48856615E+00  0.44752413E+01  0.14997768E+01  0.44776055E+01  0.14927034E+01 -0.15903691E+01
  0.26270159E+01  0.37287830E+02  0.00000000E+00  0.10000000E+01  0.18059827E+01  0.49287161E+00  0.44851605E+01  0.15263267E+01  0.44930818E+01  0.15028486E+01 -0.15922995E+01
  0.26411397E+01  0.37611291E+02  0.00000000E+00  0.10000000E+01  0.18190491E+01  0.49716658E+00  0.44936286E+01  0.15530439E+01  0.45075397E+01  0.15121935E+01 -0.15934984E+01
  0.26552634E+01  0.37934668E+02  0.00000000E+00  0.10000000E+01  0.18320857E+01  0.50145130E+00  0.45019984E+01  0.15799284E+01  0.45220621E+01  0.15215512E+01 -0.15947366E+01
  0.26693871E+01  0.38257930E+02  0.00000000E+00  0.10000000E+01  0.18450833E+01  0.50572273E+00  0.45087222E+01  0.16069591E+01  0.45354228E+01  0.15299782E+01 -0.15951348E+01
  0.26835109E+01  0.38581035E+02  0.00000000E+00  0.10000000E+01  0.18580352E+01  0.50997849E+00  0.45141045E+01  0.16341187E+01  0.45478676E+01  0.15376553E+01 -0.15948759E+01
  0.26976346E+01  0.38903928E+02  0.00000000E+00  0.10000000E+01  0.18709353E+01  0.51421680E+00  0.45184538E+01  0.16613931E+01  0.45596433E+01  0.15447669E+01 -0.15941324E+01
  0.27117584E+01  0.39226529E+02  0.00000000E+00  0.10000000E+01  0.18837645E+01  0.51843116E+00  0.45195611E+01  0.16887372E+01  0.45690232E+01  0.15499332E+01 -0.15916606E+01
  0.27258821E+01  0.39548735E+02  0.00000000E+00  0.10000000E+01  0.18965119E+01  0.52261800E+00  0.45188291E+01  0.17161238E+01  0.45771084E+01  0.15540193E+01 -0.15882663E+01
  0.27400059E+01  0.39870403E+02  0.00000000E+00  0.10000000E+01  0.19091484E+01  0.52676770E+00  0.45134302E+01  0.17434848E+01  0.45817080E+01  0.15552309E+01 -0.15823498E+01
  0.27541296E+01  0.40191340E+02  0.00000000E+00  0.10000000E+01  0.19216475E+01  0.53087137E+00  0.45037614E+01  0.17707550E+01  0.45831374E+01  0.15537991E+01 -0.15741568E+01
  0.27682533E+01  0.40511283E+02  0.00000000E+00  0.10000000E+01  0.19339624E+01  0.53491357E+00  0.44868038E+01  0.17978237E+01  0.45790807E+01  0.15477720E+01 -0.15619871E+01
  0.27823771E+01  0.40829883E+02  0.00000000E+00  0.10000000E+01  0.19460395E+01  0.53887644E+00  0.44614588E+01  0.18245605E+01  0.45687070E+01  0.15364090E+01 -0.15452467E+01
  0.27965008E+01  0.41146666E+02  0.00000000E+00  0.10000000E+01  0.19578046E+01  0.54273556E+00  0.44247682E+01  0.18507869E+01  0.45497702E+01  0.15177541E+01 -0.15222820E+01
  0.28106246E+01  0.41461005E+02  0.00000000E+00  0.10000000E+01  0.19691575E+01  0.54645777E+00  0.43727343E+01  0.18762603E+01  0.45192466E+01  0.14891502E+01 -0.14908689E+01
  0.28247483E+01  0.41772070E+02  0.00000000E+00  0.10000000E+01  0.19799751E+01  0.55000251E+00  0.43020410E+01  0.19006810E+01  0.44746405E+01  0.14483570E+01 -0.14491767E+01
  0.28388720E+01  0.42078776E+02  0.00000000E+00  0.10000000E+01  0.19900923E+01  0.55331560E+00  0.42064584E+01  0.19236485E+01  0.44112713E+01  0.13911871E+01 -0.13937330E+01
  0.28529958E+01  0.42379729E+02  0.00000000E+00  0.10000000E+01  0.19993099E+01  0.55633183E+00  0.40810216E+01  0.19446780E+01  0.43254184E+01  0.13142546E+01 -0.13218048E+01
  0.28671195E+01  0.42673177E+02  0.00000000E+00  0.10000000E+01  0.20073925E+01  0.55897518E+00  0.39208687E+01  0.19632017E+01  0.42134367E+01  0.12142171E+01 -0.12307186E+01
  0.28812433E+01  0.42956970E+02  0.00000000E+00  0.10000000E+01  0.20140620E+01  0.56115649E+00  0.37200461E+01  0.19785538E+01  0.40708574E+01  0.10869858E+01 -0.11172011E+01
  0.28953670E+01  0.43228576E+02  0.00000000E+00  0.10000000E+01  0.20190362E+01  0.56278756E+00  0.34791126E+01  0.19900723E+01  0.38979974E+01  0.93286048E+00 -0.98167617E+00
  0.29094907E+01  0.43485158E+02  0.00000000E+00  0.10000000E+01  0.20220432E+01  0.56378689E+00  0.32011841E+01  0.19971461E+01  0.36969969E+01  0.75391357E+00 -0.82598947E+00
  0.29236145E+01  0.43723745E+02  0.00000000E+00  0.10000000E+01  0.20228790E+01  0.56409988E+00  0.28986224E+01  0.19993641E+01  0.34767030E+01  0.55857362E+00 -0.65720722E+00
  0.29377382E+01  0.43941507E+02  0.00000000E+00  0.10000000E+01  0.20214627E+01  0.56371818E+00  0.25925700E+01  0.19966593E+01  0.32523055E+01  0.36135393E+00 -0.48729671E+00
  0.29518620E+01  0.44136113E+02  0.00000000E+00  0.10000000E+01  0.20178810E+01  0.56269438E+00  0.23107746E+01  0.19894134E+01  0.30437725E+01  0.18136610E+00 -0.33188418E+00
  0.29659857E+01  0.44306074E+02  0.00000000E+00  0.10000000E+01  0.20124098E+01  0.56114713E+00  0.20832339E+01  0.19784878E+01  0.28727573E+01  0.39277659E-01 -0.20777963E+00
  0.29801095E+01  0.44451011E+02  0.00000000E+00  0.10000000E+01  0.20054877E+01  0.55924854E+00  0.19340908E+01  0.19651223E+01  0.27568233E+01 -0.48359311E-01 -0.12840287E+00
  0.29942332E+01  0.44571712E+02  0.00000000E+00  0.10000000E+01  0.19976437E+01  0.55719445E+00  0.18738551E+01  0.19507133E+01  0.27038965E+01 -0.74560534E-01 -0.99432808E-01
  0.30083569E+01  0.44669999E+02  0.00000000E+00  0.10000000E+01  0.19894104E+01  0.55517012E+00  0.18974136E+01  0.19365649E+01  0.27108278E+01 -0.43297970E-01 -0.11774580E+00
  0.30224807E+01  0.44748422E+02  0.00000000E+00  0.10000000E+01  0.19812459E+01  0.55332101E+00  0.19864287E+01  0.19236861E+01  0.27650368E+01  0.32225202E-01 -0.17281238E+00
  0.30366044E+01  0.44809897E+02  0.00000000E+00  0.10000000E+01  0.19734914E+01  0.55173952E+00  0.21165793E+01  0.19127053E+01  0.28495971E+01  0.13470672E+00 -0.25080618E+00
  0.30507282E+01  0.44857374E+02  0.00000000E+00  0.10000000E+01  0.19663608E+01  0.55046516E+00  0.22637954E+01  0.19038799E+01  0.29476158E+01  0.24716203E+00 -0.33810492E+00
  0.30648519E+01  0.44893599E+02  0.00000000E+00  0.10000000E+01  0.19599626E+01  0.54949785E+00  0.24100797E+01  0.18971946E+01  0.30463711E+01  0.35700798E+00 -0.42454810E+00
  0.30789756E+01  0.44920973E+02  0.00000000E+00  0.10000000E+01  0.19543218E+01  0.54881069E+00  0.25433024E+01  0.18924525E+01  0.31371842E+01  0.45589379E+00 -0.50328974E+00
  0.30930994E+01  0.44941502E+02  0.00000000E+00  0.10000000E+01  0.19494117E+01  0.54836432E+00  0.26578907E+01  0.18893754E+01  0.32159558E+01  0.54013924E+00 -0.57118810E+00
  0.31072231E+01  0.44956810E+02  0.00000000E+00  0.10000000E+01  0.19451778E+01  0.54811694E+00  0.27527971E+01  0.18876711E+01  0.32817668E+01  0.60926289E+00 -0.62765052E+00
  0.31213469E+01  0.44968173E+02  0.00000000E+00  0.10000000E+01  0.19415481E+01  0.54802784E+00  0.28286090E+01  0.18870574E+01  0.33348490E+01  0.66392518E+00 -0.67301057E+00
  0.31354706E+01  0.44976581E+02  0.00000000E+00  0.10000000E+01  0.19384520E+01  0.54806285E+00  0.28883916E+01  0.18872986E+01  0.33772120E+01  0.70649942E+00 -0.70901353E+00
  0.31495944E+01  0.44982787E+02  0.00000000E+00  0.10000000E+01  0.19358188E+01  0.54819273E+00  0.29344336E+01  0.18881932E+01  0.34103342E+01  0.73877927E+00 -0.73696503E+00
  0.31637181E+01  0.44987359E+02  0.00000000E+00  0.10000000E+01  0.19335858E+01  0.54839436E+00  0.29696073E+01  0.18895824E+01  0.34361344E+01  0.76293490E+00 -0.75851369E+00
  0.31778418E+01  0.44990723E+02  0.00000000E+00  0.10000000E+01  0.19316979E+01  0.54864976E+00  0.29963056E+01  0.18913428E+01  0.34562158E+01  0.78076714E+00 -0.77503562E+00
  0.31919656E+01  0.44993195E+02  0.00000000E+00  0.10000000E+01  0.19301069E+01  0.54894480E+00  0.30163312E+01  0.18933776E+01  0.34717827E+01  0.79363586E+00 -0.78757543E+00
  0.32060893E+01  0.44995011E+02  0.00000000E+00  0.10000000E+01  0.19287730E+01  0.54926923E+00  0.30314880E+01  0.18956163E+01  0.34840587E+01  0.80287928E+00 -0.79717884E+00
  0.32202131E+01  0.44996343E+02  0.00000000E+00  0.10000000E+01  0.19276603E+01  0.54961461E+00  0.30426392E+01  0.18980009E+01  0.34936118E+01  0.80915857E+00 -0.80435628E+00
  0.32343368E+01  0.44997321E+02  0.00000000E+00  0.10000000E+01  0.19267418E+01  0.54997554E+00  0.30512077E+01  0.19004945E+01  0.35014202E+01  0.81351343E+00 -0.80993551E+00
  0.32484605E+01  0.44998038E+02  0.00000000E+00  0.10000000E+01  0.19259911E+01  0.55034702E+00  0.30573922E+01  0.19030628E+01  0.35075993E+01  0.81611413E+00 -0.81404495E+00
  0.32625843E+01  0.44998564E+02  0.00000000E+00  0.10000000E+01  0.19253888E+01  0.55072605E+00  0.30621250E+01  0.19056850E+01  0.35127926E+01  0.81763859E+00 -0.81723174E+00
  0.32767080E+01  0.44998950E+02  0.00000000E+00  0.10000000E+01  0.19249169E+01  0.55111006E+00  0.30656202E+01  0.19083435E+01  0.35171384E+01  0.81825377E+00 -0.81962842E+00
  0.32908318E+01  0.44999233E+02  0.00000000E+00  0.10000000E+01  0.19245604E+01  0.55149715E+00  0.30681917E+01  0.19110252E+01  0.35208490E+01  0.81819319E+00 -0.82142644E+00
  0.33049555E+01  0.44999440E+02  0.00000000E+00  0.10000000E+01  0.19243068E+01  0.55188594E+00  0.30700972E+01  0.19137206E+01  0.35240994E+01  0.81764736E+00 -0.82278181E+00
  0.33190793E+01  0.44999592E+02  0.00000000E+00  0.10000000E+01  0.19241456E+01  0.55227566E+00  0.30716089E+01  0.19164244E+01  0.35270779E+01  0.81681376E+00 -0.82385704E+00
  0.33332030E+01  0.44999704E+02  0.00000000E+00  0.10000000E+01  0.19240672E+01  0.55266545E+00  0.30727083E+01  0.19191305E+01  0.35297673E+01  0.81568455E+00 -0.82464872E+00
  0.33473267E+01  0.44999785E+02  0.00000000E+00  0.10000000E+01  0.19240626E+01  0.55305442E+00  0.30733776E+01  0.19218329E+01  0.35321503E+01  0.81425194E+00 -0.82515443E+00
  0.33614505E+01  0.44999845E+02  0.00000000E+00  0.10000000E+01  0.19241265E+01  0.55344281E+00  0.30741356E+01  0.19245331E+01  0.35345947E+01  0.81288229E+00 -0.82567326E+00
  0.33755742E+01  0.44999889E+02  0.00000000E+00  0.10000000E+01  0.19242514E+01  0.55382983E+00  0.30745260E+01  0.19272257E+01  0.35367741E+01  0.81125710E+00 -0.82594898E+00
  0.33896980E+01  0.44999921E+02  0.00000000E+00  0.10000000E+01  0.19244320E+01  0.55421536E+00  0.30748440E+01  0.19299098E+01  0.35388964E+01  0.80958596E+00 -0.82615607E+00
  0.34038217E+01  0.44999944E+02  0.00000000E+00  0.10000000E+01  0.19246637E+01  0.55459925E+00  0.30750851E+01  0.19325843E+01  0.35409578E+01  0.80786673E+00 -0.82629339E+00
  0.34179454E+01  0.44999961E+02  0.00000000E+00  0.10000000E+01  0.19249424E+01  0.55498151E+00  0.30753249E+01  0.19352492E+01  0.35430115E+01  0.80615291E+00 -0.82640672E+00
  0.34320692E+01  0.44999974E+02  0.00000000E+00  0.10000000E+01  0.19252641E+01  0.55536198E+00  0.30754881E+01  0.19379036E+01  0.35450036E+01  0.80439214E+00 -0.82645563E+00
  0.34461929E+01  0.44999983E+02  0.00000000E+00  0.10000000E+01  0.19256247E+01  0.55574035E+00  0.30754958E+01  0.19405451E+01  0.35468768E+01  0.80253039E+00 -0.82639854E+00
  0.34603167E+01  0.44999990E+02  0.00000000E+00  0.10000000E+01  0.19260220E+01  0.55611693E+00  0.30756489E+01  0.19431759E+01  0.35488452E+01  0.80077882E+00 -0.82640782E+00
  0.34744404E+01  0.44999994E+02  0.00000000E+00  0.10000000E+01  0.19264519E+01  0.55649122E+00  0.30755705E+01  0.19457925E+01  0.35506399E+01  0.79887339E+00 -0.82627025E+00
  0.34885642E+01  0.44999997E+02  0.00000000E+00  0.10000000E+01  0.19269134E+01  0.55686373E+00  0.30757147E+01  0.19483983E+01  0.35525844E+01  0.79713300E+00 -0.82624674E+00
  0.35026879E+01  0.44999999E+02  0.00000000E+00  0.10000000E+01  0.19274030E+01  0.55723412E+00  0.30757083E+01  0.19509910E+01  0.35544132E+01  0.79529524E+00 -0.82612445E+00
  0.35168116E+01  0.45000000E+02  0.00000000E+00  0.10000000E+01  0.19279190E+01  0.55760239E+00  0.30757031E+01  0.19535707E+01  0.35562336E+01  0.79346748E+00 -0.82599330E+00
  0.35309354E+01  0.45000000E+02  0.00000000E+00  0.10000000E+01  0.19284593E+01  0.55796856E+00  0.30756995E+01  0.19561373E+01  0.35580459E+01  0.79165007E+00 -0.82585357E+00
  0.35450591E+01  0.44999999E+02  0.00000000E+00  0.10000000E+01  0.19290221E+01  0.55833263E+00  0.30756995E+01  0.19586909E+01  0.35598515E+01  0.78984436E+00 -0.82570736E+00
  0.35591829E+01  0.44999997E+02  0.00000000E+00  0.10000000E+01  0.19296060E+01  0.55869461E+00  0.30757041E+01  0.19612314E+01  0.35616513E+01  0.78805112E+00 -0.82555624E+00
  0.35733066E+01  0.44999994E+02  0.00000000E+00  0.10000000E+01  0.19302094E+01  0.55905450E+00  0.30757144E+01  0.19637589E+01  0.35634458E+01  0.78627097E+00 -0.82540146E+00
  0.35874303E+01  0.44999990E+02  0.00000000E+00  0.10000000E+01  0.19308309E+01  0.55941232E+00  0.30757309E+01  0.19662735E+01  0.35652356E+01  0.78450427E+00 -0.82524397E+00
  0.36015541E+01  0.44999983E+02  0.00000000E+00  0.10000000E+01  0.19314684E+01  0.55976774E+00  0.30756004E+01  0.19687728E+01  0.35669107E+01  0.78264430E+00 -0.82499797E+00
  0.36156778E+01  0.44999974E+02  0.00000000E+00  0.10000000E+01  0.19321221E+01  0.56012126E+00  0.30757006E+01  0.19712604E+01  0.35687407E+01  0.78095567E+00 -0.82487826E+00
  0.36298016E+01  0.44999961E+02  0.00000000E+00  0.10000000E+01  0.19327894E+01  0.56047240E+00  0.30755797E+01  0.19737327E+01  0.35704036E+01  0.77912114E+00 -0.82462738E+00
  0.36439253E+01  0.44999944E+02  0.00000000E+00  0.10000000E+01  0.19334704E+01  0.56082149E+00  0.30756138E+01  0.19761922E+01  0.35721670E+01  0.77740509E+00 -0.82446155E+00
  0.36580490E+01  0.44999921E+02  0.00000000E+00  0.10000000E+01  0.19341630E+01  0.56116820E+00  0.30754993E+01  0.19786364E+01  0.35738147E+01  0.77559437E+00 -0.82420695E+00
  0.36721728E+01  0.44999889E+02  0.00000000E+00  0.10000000E+01  0.19348659E+01  0.56151237E+00  0.30753074E+01  0.19810641E+01  0.35753960E+01  0.77373998E+00 -0.82390644E+00
  0.36862965E+01  0.44999845E+02  0.00000000E+00  0.10000000E+01  0.19355782E+01  0.56185396E+00  0.30751091E+01  0.19834752E+01  0.35769613E+01  0.77189218E+00 -0.82360008E+00
  0.37004203E+01  0.44999785E+02  0.00000000E+00  0.10000000E+01  0.19362985E+01  0.56219279E+00  0.30748271E+01  0.19858682E+01  0.35784548E+01  0.76999683E+00 -0.82324395E+00
  0.37145440E+01  0.44999704E+02  0.00000000E+00  0.10000000E+01  0.19370255E+01  0.56252867E+00  0.30744579E+01  0.19882418E+01  0.35798733E+01  0.76805236E+00 -0.82283725E+00
  0.37286678E+01  0.44999592E+02  0.00000000E+00  0.10000000E+01  0.19377560E+01  0.56286071E+00  0.30736901E+01  0.19905897E+01  0.35809921E+01  0.76584224E+00 -0.82220469E+00
  0.37427915E+01  0.44999440E+02  0.00000000E+00  0.10000000E+01  0.19384897E+01  0.56318900E+00  0.30729657E+01  0.19929124E+01  0.35821242E+01  0.76367809E+00 -0.82159875E+00
  0.37569152E+01  0.44999233E+02  0.00000000E+00  0.10000000E+01  0.19392225E+01  0.56351244E+00  0.30717463E+01  0.19952021E+01  0.35828837E+01  0.76118380E+00 -0.82071281E+00
  0.37710390E+01  0.44998950E+02  0.00000000E+00  0.10000000E+01  0.19399509E+01  0.56382987E+00  0.30700112E+01  0.19974506E+01  0.35832505E+01  0.75834930E+00 -0.81954033E+00
  0.37851627E+01  0.44998564E+02  0.00000000E+00  0.10000000E+01  0.19406707E+01  0.56414008E+00  0.30677324E+01  0.19996491E+01  0.35831988E+01  0.75515922E+00 -0.81806677E+00
  0.37992865E+01  0.44998038E+02  0.00000000E+00  0.10000000E+01  0.19413759E+01  0.56444112E+00  0.30645763E+01  0.20017838E+01  0.35824833E+01  0.75138522E+00 -0.81610544E+00
  0.38134102E+01  0.44997321E+02  0.00000000E+00  0.10000000E+01  0.19420581E+01  0.56473022E+00  0.30601919E+01  0.20038349E+01  0.35808426E+01  0.74678986E+00 -0.81346273E+00
  0.38275339E+01  0.44996343E+02  0.00000000E+00  0.10000000E+01  0.19427064E+01  0.56500367E+00  0.30541369E+01  0.20057759E+01  0.35779459E+01  0.74107487E+00 -0.80989426E+00
  0.38416577E+01  0.44995011E+02  0.00000000E+00  0.10000000E+01  0.19433073E+01  0.56525684E+00  0.30460223E+01  0.20075739E+01  0.35734960E+01  0.73398280E+00 -0.80518724E+00
  0.38557814E+01  0.44993195E+02  0.00000000E+00  0.10000000E+01  0.19438397E+01  0.56548253E+00  0.30346693E+01  0.20091773E+01  0.35666242E+01  0.72470884E+00 -0.79868388E+00
  0.38699052E+01  0.44990723E+02  0.00000000E+00  0.10000000E+01  0.19442796E+01  0.56567228E+00  0.30195469E+01  0.20105259E+01  0.35569140E+01  0.71290974E+00 -0.79009967E+00
  0.38840289E+01  0.44987359E+02  0.00000000E+00  0.10000000E+01  0.19445905E+01  0.56581347E+00  0.29987719E+01  0.20115297E+01  0.35429721E+01  0.69730405E+00 -0.77838403E+00
  0.38981527E+01  0.44982787E+02  0.00000000E+00  0.10000000E+01  0.19447269E+01  0.56589014E+00  0.29708616E+01  0.20120749E+01  0.35236717E+01  0.67690610E+00 -0.76272585E+00
  0.39122764E+01  0.44976581E+02  0.00000000E+00  0.10000000E+01  0.19446263E+01  0.56588039E+00  0.29331513E+01  0.20120055E+01  0.34970199E+01  0.64991920E+00 -0.74164757E+00
  0.39264001E+01  0.44968173E+02  0.00000000E+00  0.10000000E+01  0.19442075E+01  0.56575578E+00  0.28827366E+01  0.20111195E+01  0.34608207E+01  0.61440405E+00 -0.71355075E+00
  0.39405239E+01  0.44956810E+02  0.00000000E+00  0.10000000E+01  0.19433643E+01  0.56547913E+00  0.28157071E+01  0.20091531E+01  0.34121203E+01  0.56774795E+00 -0.67627809E+00
  0.39546476E+01  0.44941502E+02  0.00000000E+00  0.10000000E+01  0.19419597E+01  0.56500244E+00  0.27272568E+01  0.20057672E+01  0.33472725E+01  0.50675298E+00 -0.62718331E+00
  0.39687714E+01  0.44920973E+02  0.00000000E+00  0.10000000E+01  0.19398257E+01  0.56426709E+00  0.26126704E+01  0.20005496E+01  0.32626330E+01  0.42833512E+00 -0.56369002E+00
  0.39828951E+01  0.44893599E+02  0.00000000E+00  0.10000000E+01  0.19367537E+01  0.56320079E+00  0.24658844E+01  0.19929958E+01  0.31535200E+01  0.32852716E+00 -0.48247373E+00
  0.39970188E+01  0.44857374E+02  0.00000000E+00  0.10000000E+01  0.19325069E+01  0.56172196E+00  0.22828847E+01  0.19825433E+01  0.30166324E+01  0.20486486E+00 -0.38139295E+00
  0.40111426E+01  0.44809897E+02  0.00000000E+00  0.10000000E+01  0.19268257E+01  0.55974275E+00  0.20610005E+01  0.19685971E+01  0.28495569E+01  0.55884861E-01 -0.25906398E+00
  0.40252663E+01  0.44748422E+02  0.00000000E+00  0.10000000E+01  0.19194548E+01  0.55717925E+00  0.18022214E+01  0.19506069E+01  0.26531641E+01 -0.11657507E+00 -0.11673377E+00
  0.40393901E+01  0.44669999E+02  0.00000000E+00  0.10000000E+01  0.19101853E+01  0.55396795E+00  0.15159925E+01  0.19281871E+01  0.24336836E+01 -0.30548759E+00  0.40179666E-01
  0.40535138E+01  0.44571712E+02  0.00000000E+00  0.10000000E+01  0.18988974E+01  0.55008242E+00  0.12191632E+01  0.19012333E+01  0.22027867E+01 -0.49877604E+00  0.20215996E+00
  0.40676376E+01  0.44451011E+02  0.00000000E+00  0.10000000E+01  0.18856123E+01  0.54555279E+00  0.93734740E+00  0.18700510E+01  0.19787201E+01 -0.67851127E+00  0.35485203E+00
  0.40817613E+01  0.44306074E+02  0.00000000E+00  0.10000000E+01  0.18705111E+01  0.54047252E+00  0.69886949E+00  0.18353847E+01  0.17821241E+01 -0.82528143E+00  0.48251614E+00
  0.40958850E+01  0.44136113E+02  0.00000000E+00  0.10000000E+01  0.18539315E+01  0.53499451E+00  0.53018057E+00  0.17983678E+01  0.16328249E+01 -0.92146678E+00  0.57057343E+00
  0.41100088E+01  0.43941507E+02  0.00000000E+00  0.10000000E+01  0.18363067E+01  0.52930407E+00  0.44527753E+00  0.17603149E+01  0.15421456E+01 -0.95852361E+00  0.61151554E+00
  0.41241325E+01  0.43723745E+02  0.00000000E+00  0.10000000E+01  0.18181022E+01  0.52358840E+00  0.44428302E+00  0.17225027E+01  0.15116376E+01 -0.93773913E+00  0.60556738E+00
  0.41382563E+01  0.43485158E+02  0.00000000E+00  0.10000000E+01  0.17997425E+01  0.51800327E+00  0.51257109E+00  0.16859507E+01  0.15321124E+01 -0.87051166E+00  0.56111080E+00
  0.41523800E+01  0.43228576E+02  0.00000000E+00  0.10000000E+01  0.17815690E+01  0.51265458E+00  0.62729689E+00  0.16513136E+01  0.15880677E+01 -0.77354959E+00  0.49097523E+00
  0.41665037E+01  0.42956970E+02  0.00000000E+00  0.10000000E+01  0.17638280E+01  0.50759628E+00  0.76503079E+00  0.16188878E+01  0.16630891E+01 -0.66347896E+00  0.40820600E+00
  0.41806275E+01  0.42673177E+02  0.00000000E+00  0.10000000E+01  0.17466708E+01  0.50283776E+00  0.90580350E+00  0.15886772E+01  0.17428058E+01 -0.55407855E+00  0.32389174E+00
  0.41947512E+01  0.42379729E+02  0.00000000E+00  0.10000000E+01  0.17301698E+01  0.49835798E+00  0.10359800E+01  0.15604962E+01  0.18171106E+01 -0.45443585E+00  0.24560283E+00
  0.42088750E+01  0.42078776E+02  0.00000000E+00  0.10000000E+01  0.17143463E+01  0.49412231E+00  0.11496745E+01  0.15340828E+01  0.18813844E+01 -0.36817695E+00  0.17661057E+00
  0.42229987E+01  0.41772070E+02  0.00000000E+00  0.10000000E+01  0.16991717E+01  0.49008690E+00  0.12427466E+01  0.15091279E+01  0.19321757E+01 -0.29762957E+00  0.11926533E+00
  0.42371225E+01  0.41461005E+02  0.00000000E+00  0.10000000E+01  0.16846076E+01  0.48621311E+00  0.13177579E+01  0.14853651E+01  0.19710117E+01 -0.24064131E+00  0.72130886E-01
  0.42512462E+01  0.41146666E+02  0.00000000E+00  0.10000000E+01  0.16705959E+01  0.48246396E+00  0.13754621E+01  0.14625463E+01  0.19981002E+01 -0.19629928E+00  0.34817737E-01
  0.42653699E+01  0.40829883E+02  0.00000000E+00  0.10000000E+01  0.16570843E+01  0.47881063E+00  0.14196905E+01  0.14404807E+01  0.20160231E+01 -0.16173030E+00  0.51641864E-02
  0.42794937E+01  0.40511283E+02  0.00000000E+00  0.10000000E+01  0.16440183E+01  0.47522901E+00  0.14525849E+01  0.14190110E+01  0.20261549E+01 -0.13524699E+00 -0.18012028E-01
  0.42936174E+01  0.40191340E+02  0.00000000E+00  0.10000000E+01  0.16313440E+01  0.47169948E+00  0.14760988E+01  0.13980113E+01  0.20297781E+01 -0.11534291E+00 -0.35772450E-01
  0.43077412E+01  0.39870403E+02  0.00000000E+00  0.10000000E+01  0.16190083E+01  0.46820706E+00  0.14922500E+01  0.13773864E+01  0.20282746E+01 -0.10052734E+00 -0.49186731E-01
  0.43218649E+01  0.39548735E+02  0.00000000E+00  0.10000000E+01  0.16069543E+01  0.46473845E+00  0.15016354E+01  0.13570539E+01  0.20219687E+01 -0.90258684E-01 -0.58539976E-01
  0.43359886E+01  0.39226529E+02  0.00000000E+00  0.10000000E+01  0.15951366E+01  0.46128472E+00  0.15063115E+01  0.13369588E+01  0.20123437E+01 -0.83104022E-01 -0.65023490E-01
  0.43501124E+01  0.38903928E+02  0.00000000E+00  0.10000000E+01  0.15835178E+01  0.45783899E+00  0.15073304E+01  0.13170596E+01  0.20001397E+01 -0.78307656E-01 -0.69296803E-01
  0.43642361E+01  0.38581035E+02  0.00000000E+00  0.10000000E+01  0.15720654E+01  0.45439484E+00  0.15049848E+01  0.12973186E+01  0.19855222E+01 -0.75608941E-01 -0.71588980E-01
  0.43783599E+01  0.38257930E+02  0.00000000E+00  0.10000000E+01  0.15607626E+01  0.45095100E+00  0.15017200E+01  0.12777285E+01  0.19703703E+01 -0.73443345E-01 -0.73318444E-01
  0.43924836E+01  0.37934668E+02  0.00000000E+00  0.10000000E+01  0.15495827E+01  0.44750262E+00  0.14958720E+01  0.12582619E+01  0.19533448E+01 -0.72800498E-01 -0.73549955E-01
  0.44066073E+01  0.37611291E+02  0.00000000E+00  0.10000000E+01  0.15385125E+01  0.44404905E+00  0.14893950E+01  0.12389158E+01  0.19359650E+01 -0.72451406E-01 -0.73406634E-01
  0.44207311E+01  0.37287830E+02  0.00000000E+00  0.10000000E+01  0.15275350E+01  0.44058860E+00  0.14817931E+01  0.12196814E+01  0.19178245E+01 -0.72682091E-01 -0.72597570E-01
  0.44348548E+01  0.36964307E+02  0.00000000E+00  0.10000000E+01  0.15166321E+01  0.43711867E+00  0.14726177E+01  0.12005454E+01  0.18985455E+01 -0.73737450E-01 -0.70880957E-01
  0.44489786E+01  0.36640739E+02  0.00000000E+00  0.10000000E+01  0.15057954E+01  0.43363983E+00  0.14633749E+01  0.11815122E+01  0.18793234E+01 -0.74701869E-01 -0.69121047E-01
  0.44631023E+01  0.36317138E+02  0.00000000E+00  0.10000000E+01  0.14950091E+01  0.43014974E+00  0.14527100E+01  0.11625703E+01  0.18590599E+01 -0.76368696E-01 -0.66558742E-01
  0.44772261E+01  0.35993512E+02  0.00000000E+00  0.10000000E+01  0.14842681E+01  0.42664922E+00  0.14421186E+01  0.11437255E+01  0.18389546E+01 -0.77845536E-01 -0.64061277E-01
  0.44913498E+01  0.35669869E+02  0.00000000E+00  0.10000000E+01  0.14735613E+01  0.42313681E+00  0.14305309E+01  0.11249714E+01  0.18181361E+01 -0.79753128E-01 -0.61024446E-01
  0.45054735E+01  0.35346212E+02  0.00000000E+00  0.10000000E+01  0.14628835E+01  0.41961277E+00  0.14187845E+01  0.11063111E+01  0.17972801E+01 -0.81597020E-01 -0.57935695E-01
  0.45195973E+01  0.35022546E+02  0.00000000E+00  0.10000000E+01  0.14522298E+01  0.41607742E+00  0.14068907E+01  0.10877477E+01  0.17763968E+01 -0.83372356E-01 -0.54799385E-01
  0.45337210E+01  0.34698873E+02  0.00000000E+00  0.10000000E+01  0.14415907E+01  0.41252913E+00  0.13939413E+01  0.10692743E+01  0.17547348E+01 -0.85589730E-01 -0.51108113E-01
  0.45478448E+01  0.34375195E+02  0.00000000E+00  0.10000000E+01  0.14309658E+01  0.40896931E+00  0.13813677E+01  0.10508998E+01  0.17334712E+01 -0.87434887E-01 -0.47677844E-01
  0.45619685E+01  0.34051513E+02  0.00000000E+00  0.10000000E+01  0.14203457E+01  0.40539626E+00  0.13677041E+01  0.10326172E+01  0.17113917E+01 -0.89729358E-01 -0.43675150E-01
  0.45760922E+01  0.33727828E+02  0.00000000E+00  0.10000000E+01  0.14097298E+01  0.40181100E+00  0.13542396E+01  0.10144334E+01  0.16895626E+01 -0.91749113E-01 -0.39840125E-01
  0.45902160E+01  0.33404141E+02  0.00000000E+00  0.10000000E+01  0.13991139E+01  0.39821348E+00  0.13404709E+01  0.99634968E+00  0.16675673E+01 -0.93776450E-01 -0.35882172E-01
  0.46043397E+01  0.33080453E+02  0.00000000E+00  0.10000000E+01  0.13884919E+01  0.39460256E+00  0.13258830E+01  0.97836222E+00  0.16449699E+01 -0.96086199E-01 -0.31518214E-01
  0.46184635E+01  0.32756763E+02  0.00000000E+00  0.10000000E+01  0.13778642E+01  0.39097935E+00  0.13115445E+01  0.96047820E+00  0.16226659E+01 -0.98095967E-01 -0.27356013E-01
  0.46325872E+01  0.32433073E+02  0.00000000E+00  0.10000000E+01  0.13672250E+01  0.38734285E+00  0.12964557E+01  0.94269450E+00  0.15998129E+01 -0.10034412E+00 -0.22827050E-01
  0.46467110E+01  0.32109383E+02  0.00000000E+00  0.10000000E+01  0.13565753E+01  0.38369422E+00  0.12816377E+01  0.92501843E+00  0.15772736E+01 -0.10228462E+00 -0.18515840E-01
  0.46608347E+01  0.31785691E+02  0.00000000E+00  0.10000000E+01  0.13459077E+01  0.38003163E+00  0.12656988E+01  0.90744303E+00  0.15538644E+01 -0.10464995E+00 -0.13632558E-01
  0.46749584E+01  0.31462000E+02  0.00000000E+00  0.10000000E+01  0.13352258E+01  0.37635702E+00  0.12503820E+01  0.88997932E+00  0.15310686E+01 -0.10652473E+00 -0.91697222E-02
  0.46890822E+01  0.31138308E+02  0.00000000E+00  0.10000000E+01  0.13245248E+01  0.37266956E+00  0.12344268E+01  0.87262512E+00  0.15078119E+01 -0.10856947E+00 -0.44057286E-02
  0.47032059E+01  0.30814616E+02  0.00000000E+00  0.10000000E+01  0.13138018E+01  0.36896864E+00  0.12179065E+01  0.85537941E+00  0.14841520E+01 -0.11073766E+00  0.60793813E-03
  0.47173297E+01  0.30490924E+02  0.00000000E+00  0.10000000E+01  0.13030586E+01  0.36525557E+00  0.12017339E+01  0.83825002E+00  0.14608752E+01 -0.11256599E+00  0.53581996E-02
  0.47314534E+01  0.30167232E+02  0.00000000E+00  0.10000000E+01  0.12922893E+01  0.36152888E+00  0.11846009E+01  0.82123201E+00  0.14368514E+01 -0.11471398E+00  0.10586928E-01
  0.47455771E+01  0.29843540E+02  0.00000000E+00  0.10000000E+01  0.12814960E+01  0.35778968E+00  0.11677198E+01  0.80433227E+00  0.14131281E+01 -0.11657159E+00  0.15601888E-01
  0.47597009E+01  0.29519848E+02  0.00000000E+00  0.10000000E+01  0.12706768E+01  0.35403797E+00  0.11505845E+01  0.78755260E+00  0.13892684E+01 -0.11839469E+00  0.20696383E-01
  0.47738246E+01  0.29196155E+02  0.00000000E+00  0.10000000E+01  0.12598273E+01  0.35027252E+00  0.11325953E+01  0.77088930E+00  0.13647451E+01 -0.12047031E+00  0.26203274E-01
  0.47879484E+01  0.28872463E+02  0.00000000E+00  0.10000000E+01  0.12489519E+01  0.34649531E+00  0.11152734E+01  0.75435298E+00  0.13408893E+01 -0.12206171E+00  0.31262409E-01
  0.48020721E+01  0.28548771E+02  0.00000000E+00  0.10000000E+01  0.12380438E+01  0.34270443E+00  0.10967872E+01  0.73793706E+00  0.13160945E+01 -0.12404986E+00  0.36914523E-01
  0.48161959E+01  0.28225078E+02  0.00000000E+00  0.10000000E+01  0.12271065E+01  0.33890137E+00  0.10787489E+01  0.72164986E+00  0.12917765E+01 -0.12566347E+00  0.42238773E-01
  0.48303196E+01  0.27901386E+02  0.00000000E+00  0.10000000E+01  0.12161362E+01  0.33508521E+00  0.10600027E+01  0.70548927E+00  0.12669165E+01 -0.12744962E+00  0.47897427E-01
  0.48444433E+01  0.27577694E+02  0.00000000E+00  0.10000000E+01  0.12051340E+01  0.33125662E+00  0.10413123E+01  0.68945991E+00  0.12421886E+01 -0.12904955E+00  0.53451610E-01
  0.48585671E+01  0.27254001E+02  0.00000000E+00  0.10000000E+01  0.11940990E+01  0.32741563E+00  0.10223907E+01  0.67356375E+00  0.12173392E+01 -0.13059867E+00  0.59068667E-01
  0.48726908E+01  0.26930309E+02  0.00000000E+00  0.10000000E+01  0.11830290E+01  0.32356171E+00  0.10029416E+01  0.65780039E+00  0.11921027E+01 -0.13222854E+00  0.64912836E-01
  0.48868146E+01  0.26606617E+02  0.00000000E+00  0.10000000E+01  0.11719261E+01  0.31969588E+00  0.98372943E+00  0.64217583E+00  0.11671613E+01 -0.13359564E+00  0.70552369E-01
  0.49009383E+01  0.26282924E+02  0.00000000E+00  0.10000000E+01  0.11607857E+01  0.31581673E+00  0.96359025E+00  0.62668621E+00  0.11414719E+01 -0.13521679E+00  0.76647090E-01
  0.49150620E+01  0.25959232E+02  0.00000000E+00  0.10000000E+01  0.11496118E+01  0.31192591E+00  0.94396496E+00  0.61133995E+00  0.11163271E+01 -0.13645604E+00  0.82378650E-01
  0.49291858E+01  0.25635540E+02  0.00000000E+00  0.10000000E+01  0.11384022E+01  0.30802299E+00  0.92389657E+00  0.59613709E+00  0.10908680E+01 -0.13773664E+00  0.88295539E-01
  0.49433095E+01  0.25311847E+02  0.00000000E+00  0.10000000E+01  0.11271539E+01  0.30410693E+00  0.90307819E+00  0.58107544E+00  0.10648132E+01 -0.13918242E+00  0.94563356E-01
  0.49574333E+01  0.24988155E+02  0.00000000E+00  0.10000000E+01  0.11158717E+01  0.30017975E+00  0.88295256E+00  0.56616454E+00  0.10394693E+01 -0.14018234E+00  0.10036979E+00
  0.49715570E+01  0.24664462E+02  0.00000000E+00  0.10000000E+01  0.11045493E+01  0.29623939E+00  0.86160865E+00  0.55139837E+00  0.10131021E+01 -0.14154044E+00  0.10679890E+00
  0.49856808E+01  0.24340770E+02  0.00000000E+00  0.10000000E+01  0.10931925E+01  0.29228802E+00  0.84103754E+00  0.53678690E+00  0.98752149E+00 -0.14242765E+00  0.11271832E+00
  0.49998045E+01  0.24017078E+02  0.00000000E+00  0.10000000E+01  0.10817952E+01  0.28832376E+00  0.81932624E+00  0.52232493E+00  0.96098331E+00 -0.14363112E+00  0.11921800E+00
  0.50139282E+01  0.23693385E+02  0.00000000E+00  0.10000000E+01  0.10703605E+01  0.28434776E+00  0.79790686E+00  0.50801847E+00  0.93479367E+00 -0.14456454E+00  0.12547923E+00
  0.50280520E+01  0.23369693E+02  0.00000000E+00  0.10000000E+01  0.10588891E+01  0.28036057E+00  0.77650227E+00  0.49387125E+00  0.90870172E+00 -0.14534706E+00  0.13166886E+00
  0.50421757E+01  0.23046001E+02  0.00000000E+00  0.10000000E+01  0.10473767E+01  0.27636067E+00  0.75413639E+00  0.47987969E+00  0.88180793E+00 -0.14635908E+00  0.13833305E+00
  0.50562995E+01  0.22722308E+02  0.00000000E+00  0.10000000E+01  0.10358271E+01  0.27234959E+00  0.73224265E+00  0.46605088E+00  0.85543090E+00 -0.14703977E+00  0.14466036E+00
  0.50704232E+01  0.22398616E+02  0.00000000E+00  0.10000000E+01  0.10242371E+01  0.26832642E+00  0.70966819E+00  0.45238350E+00  0.82850729E+00 -0.14783585E+00  0.15130897E+00
  0.50845469E+01  0.22074923E+02  0.00000000E+00  0.10000000E+01  0.10126082E+01  0.26429167E+00  0.68709733E+00  0.43888106E+00  0.80166814E+00 -0.14848406E+00  0.15788604E+00
  0.50986707E+01  0.21751231E+02  0.00000000E+00  0.10000000E+01  0.10009415E+01  0.26024607E+00  0.66462656E+00  0.42554770E+00  0.77500456E+00 -0.14895380E+00  0.16434316E+00
  0.51127944E+01  0.21427539E+02  0.00000000E+00  0.10000000E+01  0.98923292E+00  0.25618812E+00  0.64120356E+00  0.41238024E+00  0.74753629E+00 -0.14962943E+00  0.17127215E+00
  0.51269182E+01  0.21103846E+02  0.00000000E+00  0.10000000E+01  0.97748640E+00  0.25211933E+00  0.61826322E+00  0.39938537E+00  0.72059839E+00 -0.14998683E+00  0.17786031E+00
  0.51410419E+01  0.20780154E+02  0.00000000E+00  0.10000000E+01  0.96569884E+00  0.24803881E+00  0.59465276E+00  0.38656201E+00  0.69311546E+00 -0.15044284E+00  0.18476565E+00
  0.51551656E+01  0.20456462E+02  0.00000000E+00  0.10000000E+01  0.95387213E+00  0.24394727E+00  0.57113370E+00  0.37391406E+00  0.66579818E+00 -0.15072563E+00  0.19155228E+00
  0.51692894E+01  0.20132769E+02  0.00000000E+00  0.10000000E+01  0.94200595E+00  0.23984475E+00  0.54741984E+00  0.36144342E+00  0.63837879E+00 -0.15093821E+00  0.19838714E+00
  0.51834131E+01  0.19809077E+02  0.00000000E+00  0.10000000E+01  0.93009876E+00  0.23573076E+00  0.52321427E+00  0.34915027E+00  0.61057664E+00 -0.15117953E+00  0.20543538E+00
  0.51975369E+01  0.19485385E+02  0.00000000E+00  0.10000000E+01  0.91815324E+00  0.23160633E+00  0.49928179E+00  0.33703945E+00  0.58311127E+00 -0.15119242E+00  0.21226596E+00
  0.52116606E+01  0.19161692E+02  0.00000000E+00  0.10000000E+01  0.90616520E+00  0.22747009E+00  0.47445903E+00  0.32510862E+00  0.55488420E+00 -0.15136217E+00  0.21953792E+00
  0.52257844E+01  0.18838000E+02  0.00000000E+00  0.10000000E+01  0.89414021E+00  0.22332408E+00  0.45036563E+00  0.31336535E+00  0.52742557E+00 -0.15115991E+00  0.22633419E+00
  0.52399081E+01  0.18514307E+02  0.00000000E+00  0.10000000E+01  0.88207215E+00  0.21916626E+00  0.42508905E+00  0.30180558E+00  0.49892409E+00 -0.15120206E+00  0.23374042E+00
  0.52540318E+01  0.18190615E+02  0.00000000E+00  0.10000000E+01  0.86996629E+00  0.21499848E+00  0.40044246E+00  0.29043614E+00  0.47109778E+00 -0.15091122E+00  0.24072578E+00
  0.52681556E+01  0.17866923E+02  0.00000000E+00  0.10000000E+01  0.85782081E+00  0.21082033E+00  0.37539565E+00  0.27925752E+00  0.44296917E+00 -0.15061530E+00  0.24788192E+00
  0.52822793E+01  0.17543230E+02  0.00000000E+00  0.10000000E+01  0.84563318E+00  0.20663081E+00  0.34964148E+00  0.26826873E+00  0.41424257E+00 -0.15040070E+00  0.25537438E+00
  0.52964031E+01  0.17219538E+02  0.00000000E+00  0.10000000E+01  0.83340875E+00  0.20243196E+00  0.32462458E+00  0.25747677E+00  0.38629590E+00 -0.14983616E+00  0.26239128E+00
  0.53105268E+01  0.16895846E+02  0.00000000E+00  0.10000000E+01  0.82114198E+00  0.19822193E+00  0.29851327E+00  0.24687850E+00  0.35737884E+00 -0.14946415E+00  0.26997072E+00
  0.53246505E+01  0.16572153E+02  0.00000000E+00  0.10000000E+01  0.80883639E+00  0.19400188E+00  0.27273692E+00  0.23647856E+00  0.32885681E+00 -0.14886483E+00  0.27729840E+00
  0.53387743E+01  0.16248461E+02  0.00000000E+00  0.10000000E+01  0.79649292E+00  0.18977242E+00  0.24702176E+00  0.22627996E+00  0.30046892E+00 -0.14812425E+00  0.28453876E+00
  0.53528980E+01  0.15924769E+02  0.00000000E+00  0.10000000E+01  0.78410762E+00  0.18553206E+00  0.22039068E+00  0.21628073E+00  0.27127472E+00 -0.14751079E+00  0.29223843E+00
  0.53670218E+01  0.15601076E+02  0.00000000E+00  0.10000000E+01  0.77168474E+00  0.18128234E+00  0.19427709E+00  0.20648613E+00  0.24265139E+00 -0.14663020E+00  0.29958742E+00
  0.53811455E+01  0.15277384E+02  0.00000000E+00  0.10000000E+01  0.75922142E+00  0.17702240E+00  0.16752949E+00  0.19689575E+00  0.21348976E+00 -0.14579501E+00  0.30724225E+00
  0.53952693E+01  0.14953692E+02  0.00000000E+00  0.10000000E+01  0.74672068E+00  0.17275330E+00  0.14108778E+00  0.18751353E+00  0.18469546E+00 -0.14475728E+00  0.31466774E+00
  0.54093930E+01  0.14630000E+02  0.00000000E+00  0.10000000E+01  0.73417900E+00  0.16847385E+00  0.11386335E+00  0.17833841E+00  0.15521557E+00 -0.14379700E+00  0.32248246E+00
  0.54235167E+01  0.14306308E+02  0.00000000E+00  0.10000000E+01  0.72159971E+00  0.16418524E+00  0.86992314E-01  0.16937454E+00  0.12614797E+00 -0.14262569E+00  0.33004180E+00
  0.54376405E+01  0.13982616E+02  0.00000000E+00  0.10000000E+01  0.70898260E+00  0.15988757E+00  0.59972080E-01  0.16062357E+00  0.97006122E-01 -0.14137324E+00  0.33763613E+00
  0.54517642E+01  0.13658924E+02  0.00000000E+00  0.10000000E+01  0.69632516E+00  0.15557984E+00  0.32274357E-01  0.15208504E+00  0.67275198E-01 -0.14016256E+00  0.34555914E+00
  0.54658880E+01  0.13335232E+02  0.00000000E+00  0.10000000E+01  0.68363156E+00  0.15126361E+00  0.51139278E-02  0.14376356E+00  0.38134837E-01 -0.13870778E+00  0.35312665E+00
  0.54800117E+01  0.13011541E+02  0.00000000E+00  0.10000000E+01  0.67089821E+00  0.14693771E+00 -0.22813384E-01  0.13565831E+00  0.83154605E-02 -0.13731162E+00  0.36107907E+00
  0.54941354E+01  0.12687850E+02  0.00000000E+00  0.10000000E+01  0.65812770E+00  0.14260299E+00 -0.50525071E-01  0.12777242E+00 -0.21227456E-01 -0.13574966E+00  0.36885691E+00
  0.55082592E+01  0.12364160E+02  0.00000000E+00  0.10000000E+01  0.64532079E+00  0.13825988E+00 -0.78223878E-01  0.12010809E+00 -0.50691518E-01 -0.13407199E+00  0.37658148E+00
  0.55223829E+01  0.12040470E+02  0.00000000E+00  0.10000000E+01  0.63247403E+00  0.13390708E+00 -0.10673954E+00  0.11266446E+00 -0.80889231E-01 -0.13245204E+00  0.38471745E+00
  0.55365067E+01  0.11716781E+02  0.00000000E+00  0.10000000E+01  0.61959257E+00  0.12954646E+00 -0.13455555E+00  0.10544621E+00 -0.11033847E+00 -0.13057382E+00  0.39240959E+00
  0.55506304E+01  0.11393094E+02  0.00000000E+00  0.10000000E+01  0.60667237E+00  0.12517669E+00 -0.16319947E+00  0.98452519E-01 -0.14053539E+00 -0.12875080E+00  0.40052548E+00
  0.55647542E+01  0.11069408E+02  0.00000000E+00  0.10000000E+01  0.59371706E+00  0.12079901E+00 -0.19143604E+00  0.91686755E-01 -0.17027076E+00 -0.12673629E+00  0.40836250E+00
  0.55788779E+01  0.10745725E+02  0.00000000E+00  0.10000000E+01  0.58072402E+00  0.11641255E+00 -0.22027232E+00  0.85148988E-01 -0.20053360E+00 -0.12472578E+00  0.41649520E+00
  0.55930016E+01  0.10422045E+02  0.00000000E+00  0.10000000E+01  0.56769580E+00  0.11201821E+00 -0.24887084E+00  0.78841911E-01 -0.23050264E+00 -0.12256130E+00  0.42444736E+00
  0.56071254E+01  0.10098370E+02  0.00000000E+00  0.10000000E+01  0.55463332E+00  0.10761643E+00 -0.27743194E+00  0.72767435E-01 -0.26037506E+00 -0.12028470E+00  0.43233795E+00
  0.56212491E+01  0.97747011E+01  0.00000000E+00  0.10000000E+01  0.54153374E+00  0.10320611E+00 -0.30669992E+00  0.66925362E-01 -0.29088534E+00 -0.11802359E+00  0.44058399E+00
  0.56353729E+01  0.94510406E+01  0.00000000E+00  0.10000000E+01  0.52840196E+00  0.98789036E-01 -0.33529938E+00  0.61319327E-01 -0.32067919E+00 -0.11554475E+00  0.44841026E+00
  0.56494966E+01  0.91273919E+01  0.00000000E+00  0.10000000E+01  0.51523466E+00  0.94364076E-01 -0.36461313E+00  0.55949121E-01 -0.35112122E+00 -0.11307932E+00  0.45660220E+00
  0.56636203E+01  0.88037589E+01  0.00000000E+00  0.10000000E+01  0.50203576E+00  0.89932570E-01 -0.39347022E+00  0.50817569E-01 -0.38105682E+00 -0.11043974E+00  0.46449480E+00
  0.56777441E+01  0.84801477E+01  0.00000000E+00  0.10000000E+01  0.48880644E+00  0.85495056E-01 -0.42223664E+00  0.45926345E-01 -0.41084772E+00 -0.10769009E+00  0.47230233E+00
  0.56918678E+01  0.81565660E+01  0.00000000E+00  0.10000000E+01  0.47554534E+00  0.81050922E-01 -0.45147416E+00  0.41275828E-01 -0.44105092E+00 -0.10491280E+00  0.48033865E+00
  0.57059916E+01  0.78330246E+01  0.00000000E+00  0.10000000E+01  0.46225860E+00  0.76602369E-01 -0.47983950E+00  0.36869248E-01 -0.47033754E+00 -0.10192094E+00  0.48784849E+00
  0.57201153E+01  0.75095382E+01  0.00000000E+00  0.10000000E+01  0.44894477E+00  0.72148877E-01 -0.50863138E+00  0.32706873E-01 -0.49999440E+00 -0.98900017E-01  0.49557037E+00
  0.57342391E+01  0.71861268E+01  0.00000000E+00  0.10000000E+01  0.43561161E+00  0.67693127E-01 -0.53632656E+00  0.28791814E-01 -0.52851207E+00 -0.95656358E-01  0.50264342E+00
  0.57483628E+01  0.68628176E+01  0.00000000E+00  0.10000000E+01  0.42225973E+00  0.63235292E-01 -0.56412535E+00  0.25124587E-01 -0.55708125E+00 -0.92353355E-01  0.50975346E+00
  0.57624865E+01  0.65396478E+01  0.00000000E+00  0.10000000E+01  0.40889888E+00  0.58778672E-01 -0.59055289E+00  0.21707980E-01 -0.58423800E+00 -0.88825231E-01  0.51606832E+00
  0.57766103E+01  0.62166681E+01  0.00000000E+00  0.10000000E+01  0.39553743E+00  0.54326210E-01 -0.61577256E+00  0.18543799E-01 -0.61014343E+00 -0.85115880E-01  0.52169303E+00
  0.57907340E+01  0.58939473E+01  0.00000000E+00  0.10000000E+01  0.38218437E+00  0.49880750E-01 -0.63986436E+00  0.15633126E-01 -0.63487650E+00 -0.81256529E-01  0.52667626E+00
  0.58048578E+01  0.55715790E+01  0.00000000E+00  0.10000000E+01  0.36885947E+00  0.45449066E-01 -0.66097461E+00  0.12978659E-01 -0.65659187E+00 -0.77090852E-01  0.52998467E+00
  0.58189815E+01  0.52496906E+01  0.00000000E+00  0.10000000E+01  0.35558010E+00  0.41036928E-01 -0.67961479E+00  0.10581069E-01 -0.67579597E+00 -0.72718887E-01  0.53192503E+00
  0.58331052E+01  0.49284546E+01  0.00000000E+00  0.10000000E+01  0.34237817E+00  0.36655049E-01 -0.69347655E+00  0.84420417E-02 -0.69018732E+00 -0.67988597E-01  0.53121056E+00
  0.58472290E+01  0.46081043E+01  0.00000000E+00  0.10000000E+01  0.32929203E+00  0.32316374E-01 -0.70153908E+00  0.65618324E-02 -0.69874420E+00 -0.62902213E-01  0.52729833E+00
  0.58613527E+01  0.42889546E+01  0.00000000E+00  0.10000000E+01  0.31637098E+00  0.28037194E-01 -0.70230106E+00  0.49391130E-02 -0.69996493E+00 -0.57447914E-01  0.51937247E+00
  0.58754765E+01  0.39714287E+01  0.00000000E+00  0.10000000E+01  0.30368808E+00  0.23842023E-01 -0.69194297E+00  0.35716268E-02 -0.69003404E+00 -0.51486341E-01  0.50532718E+00
  0.58896002E+01  0.36560913E+01  0.00000000E+00  0.10000000E+01  0.29133027E+00  0.19759717E-01 -0.66851928E+00  0.24532473E-02 -0.66700226E+00 -0.45078082E-01  0.48413027E+00
  0.59037239E+01  0.33436916E+01  0.00000000E+00  0.10000000E+01  0.27942013E+00  0.15830975E-01 -0.62655747E+00  0.15746906E-02 -0.62539899E+00 -0.38116168E-01  0.45277175E+00
  0.59178477E+01  0.30352123E+01  0.00000000E+00  0.10000000E+01  0.26811039E+00  0.12106375E-01 -0.56151910E+00  0.92089082E-03 -0.56068263E+00 -0.30651853E-01  0.40880279E+00
  0.59319714E+01  0.27319247E+01  0.00000000E+00  0.10000000E+01  0.25759115E+00  0.86481594E-02 -0.46806292E+00  0.46992359E-03 -0.46750855E+00 -0.22778680E-01  0.34933745E+00
  0.59460952E+01  0.24354435E+01  0.00000000E+00  0.10000000E+01  0.24810140E+00  0.55343530E-02 -0.33887571E+00  0.19244809E-03 -0.33856144E+00 -0.14592360E-01  0.27041333E+00
  0.59602189E+01  0.21477677E+01  0.00000000E+00  0.10000000E+01  0.23991213E+00  0.28519986E-02 -0.16979179E+00  0.51106777E-04 -0.16967059E+00 -0.64143306E-02  0.16987271E+00
  0.59743427E+01  0.18712907E+01  0.00000000E+00  0.10000000E+01  0.23332975E+00  0.69776540E-03  0.43746351E-01  0.30591357E-05  0.43723122E-01  0.14254524E-02  0.45349695E-01
  0.59884664E+01  0.16087508E+01  0.00000000E+00  0.10000000E+01  0.22865413E+00 -0.83740974E-03  0.29925879E+00  0.44061157E-05  0.29914095E+00  0.83970795E-02 -0.10154290E+00
  0.60025901E+01  0.13630963E+01  0.00000000E+00  0.10000000E+01  0.22615013E+00 -0.16789442E-02  0.58952366E+00  0.17711380E-04  0.58935726E+00  0.14006045E-01 -0.26655638E+00
  0.60167139E+01  0.11372473E+01  0.00000000E+00  0.10000000E+01  0.22598213E+00 -0.17914243E-02  0.89692836E+00  0.20164005E-04  0.89675209E+00  0.17781542E-01 -0.43964239E+00
  0.60308376E+01  0.93376534E+00  0.00000000E+00  0.10000000E+01  0.22815858E+00 -0.11974056E-02  0.11953404E+01  0.90087071E-05  0.11951818E+01  0.19470928E-01 -0.60607062E+00
  0.60449614E+01  0.75449043E+00  0.00000000E+00  0.10000000E+01  0.23250174E+00  0.14897331E-04  0.14551288E+01  0.13944303E-08  0.14550026E+01  0.19161079E-01 -0.74927193E+00
  0.60590851E+01  0.60023640E+00  0.00000000E+00  0.10000000E+01  0.23864048E+00  0.16931848E-02  0.16473682E+01  0.18013107E-04  0.16472779E+01  0.17239669E-01 -0.85320654E+00
  0.60732088E+01  0.47064545E+00  0.00000000E+00  0.10000000E+01  0.24607085E+00  0.36475717E-02  0.17551117E+01  0.83596394E-04  0.17550532E+01  0.14333281E-01 -0.90868013E+00
  0.60873326E+01  0.36425299E+00  0.00000000E+00  0.10000000E+01  0.25423367E+00  0.56825825E-02  0.17758730E+01  0.20289502E-03  0.17758384E+01  0.11086993E-01 -0.91465867E+00
  0.61014563E+01  0.27873948E+00  0.00000000E+00  0.10000000E+01  0.26260445E+00  0.76305677E-02  0.17222779E+01  0.36584201E-03  0.17222593E+01  0.80128765E-02 -0.87858325E+00
  0.61155801E+01  0.21128329E+00  0.00000000E+00  0.10000000E+01  0.27075980E+00  0.93735480E-02  0.16167386E+01  0.55206205E-03  0.16167296E+01  0.54097958E-02 -0.81332301E+00
  0.61297038E+01  0.15891308E+00  0.00000000E+00  0.10000000E+01  0.27840071E+00  0.10846430E-01  0.14831185E+01  0.73918558E-03  0.14831149E+01  0.33743251E-02 -0.73248385E+00
  0.61438276E+01  0.11878587E+00  0.00000000E+00  0.10000000E+01  0.28535246E+00  0.12030525E-01  0.13422796E+01  0.90938768E-03  0.13422786E+01  0.18734326E-02 -0.64792313E+00
  0.61579513E+01  0.88362210E-01  0.00000000E+00  0.10000000E+01  0.29153838E+00  0.12938662E-01  0.12083696E+01  0.10518616E-02  0.12083697E+01  0.81170035E-03 -0.56767591E+00
  0.61720750E+01  0.65486038E-01  0.00000000E+00  0.10000000E+01  0.29695373E+00  0.13602079E-01  0.10895841E+01  0.11624933E-02  0.10895847E+01  0.82844065E-04 -0.49640081E+00
  0.61861988E+01  0.48394810E-01  0.00000000E+00  0.10000000E+01  0.30163756E+00  0.14059041E-01  0.98898463E+00  0.12419133E-02  0.98898532E+00 -0.40656828E-03 -0.43584118E+00
  0.62003225E+01  0.35687846E-01  0.00000000E+00  0.10000000E+01  0.30565259E+00  0.14347904E-01  0.90650620E+00  0.12934713E-02  0.90650683E+00 -0.72883521E-03 -0.38596147E+00
  0.62144463E+01  0.26275264E-01  0.00000000E+00  0.10000000E+01  0.30907138E+00  0.14503449E-01  0.84042109E+00  0.13216683E-02  0.84042161E+00 -0.93625953E-03 -0.34577157E+00
  0.62285700E+01  0.19322207E-01  0.00000000E+00  0.10000000E+01  0.31196659E+00  0.14555085E-01  0.78820557E+00  0.13310961E-02  0.78820597E+00 -0.10652846E-02 -0.31382061E+00
  0.62426937E+01  0.14196557E-01  0.00000000E+00  0.10000000E+01  0.31440677E+00  0.14526841E-01  0.74733518E+00  0.13259351E-02  0.74733549E+00 -0.11407628E-02 -0.28864948E+00
  0.62568175E+01  0.10423799E-01  0.00000000E+00  0.10000000E+01  0.31645348E+00  0.14437723E-01  0.71546063E+00  0.13097164E-02  0.71546085E+00 -0.11795529E-02 -0.26889372E+00
  0.62709412E+01  0.76499758E-02  0.00000000E+00  0.10000000E+01  0.31816075E+00  0.14302502E-01  0.69059830E+00  0.12852983E-02  0.69059847E+00 -0.11930915E-02 -0.25339491E+00
  0.62850650E+01  0.56122922E-02  0.00000000E+00  0.10000000E+01  0.31957528E+00  0.14132539E-01  0.67114684E+00  0.12549321E-02  0.67114696E+00 -0.11891913E-02 -0.24121154E+00
  0.62991887E+01  0.41163033E-02  0.00000000E+00  0.10000000E+01  0.32073690E+00  0.13936452E-01  0.65581768E+00  0.12203498E-02  0.65581777E+00 -0.11732339E-02 -0.23158165E+00
  0.63133125E+01  0.30185011E-02  0.00000000E+00  0.10000000E+01  0.32167951E+00  0.13720777E-01  0.64362830E+00  0.11828707E-02  0.64362836E+00 -0.11489626E-02 -0.22391949E+00
  0.63274362E+01  0.22131676E-02  0.00000000E+00  0.10000000E+01  0.32243179E+00  0.13490427E-01  0.63381161E+00  0.11434871E-02  0.63381165E+00 -0.11190049E-02 -0.21776464E+00
  0.63415599E+01  0.16225290E-02  0.00000000E+00  0.10000000E+01  0.32301807E+00  0.13249107E-01  0.62579450E+00  0.11029431E-02  0.62579454E+00 -0.10852215E-02 -0.21276974E+00
  0.63556837E+01  0.11894270E-02  0.00000000E+00  0.10000000E+01  0.32345895E+00  0.12999596E-01  0.61913773E+00  0.10617924E-02  0.61913775E+00 -0.10489395E-02 -0.20866632E+00
  0.63698074E+01  0.87188457E-03  0.00000000E+00  0.10000000E+01  0.32377194E+00  0.12743990E-01  0.61351190E+00  0.10204476E-02  0.61351191E+00 -0.10111117E-02 -0.20525094E+00
  0.63839312E+01  0.63909076E-03  0.00000000E+00  0.10000000E+01  0.32397199E+00  0.12483868E-01  0.60867246E+00  0.97921534E-03  0.60867247E+00 -0.97242607E-03 -0.20237057E+00
  0.63980549E+01  0.46843909E-03  0.00000000E+00  0.10000000E+01  0.32407187E+00  0.12220428E-01  0.60443239E+00  0.93832381E-03  0.60443240E+00 -0.93338209E-03 -0.19990700E+00
  0.64121786E+01  0.34334776E-03  0.00000000E+00  0.10000000E+01  0.32408259E+00  0.11954585E-01  0.60065547E+00  0.89794322E-03  0.60065547E+00 -0.89434376E-03 -0.19777249E+00
  0.64263024E+01  0.25165661E-03  0.00000000E+00  0.10000000E+01  0.32401364E+00  0.11687037E-01  0.59723756E+00  0.85820048E-03  0.59723756E+00 -0.85557727E-03 -0.19589914E+00
  0.64404261E+01  0.18444945E-03  0.00000000E+00  0.10000000E+01  0.32387328E+00  0.11418333E-01  0.59410066E+00  0.81919119E-03  0.59410066E+00 -0.81727863E-03 -0.19423514E+00
  0.64545499E+01  0.13518940E-03  0.00000000E+00  0.10000000E+01  0.32366872E+00  0.11148894E-01  0.59118718E+00  0.78098641E-03  0.59118718E+00 -0.77959151E-03 -0.19274136E+00
  0.64686736E+01  0.99084379E-04  0.00000000E+00  0.10000000E+01  0.32340626E+00  0.10879059E-01  0.58845127E+00  0.74363971E-03  0.58845127E+00 -0.74262207E-03 -0.19138628E+00
  0.64827973E+01  0.72621584E-04  0.00000000E+00  0.10000000E+01  0.32309147E+00  0.10609095E-01  0.58586004E+00  0.70719067E-03  0.58586004E+00 -0.70644810E-03 -0.19014652E+00
  0.64969211E+01  0.53226116E-04  0.00000000E+00  0.10000000E+01  0.32272928E+00  0.10339213E-01  0.58338701E+00  0.67166832E-03  0.58338701E+00 -0.67112637E-03 -0.18900297E+00
  0.65110448E+01  0.39010611E-04  0.00000000E+00  0.10000000E+01  0.32232405E+00  0.10069593E-01  0.58101171E+00  0.63709427E-03  0.58101171E+00 -0.63669868E-03 -0.18794053E+00
  0.65251686E+01  0.28591697E-04  0.00000000E+00  0.10000000E+01  0.32187969E+00  0.98003748E-02  0.57871934E+00  0.60348329E-03  0.57871934E+00 -0.60319450E-03 -0.18694774E+00
  0.65392923E+01  0.20955429E-04  0.00000000E+00  0.10000000E+01  0.32139970E+00  0.95316808E-02  0.57649663E+00  0.57084586E-03  0.57649663E+00 -0.57063501E-03 -0.18601445E+00
  0.65534161E+01  0.15358639E-04  0.00000000E+00  0.10000000E+01  0.32088720E+00  0.92636082E-02  0.57433481E+00  0.53918802E-03  0.57433481E+00 -0.53903406E-03 -0.18513335E+00
  0.65675398E+01  0.11256635E-04  0.00000000E+00  0.10000000E+01  0.32034503E+00  0.89962435E-02  0.57222509E+00  0.50851326E-03  0.57222509E+00 -0.50840084E-03 -0.18429746E+00
  0.65816635E+01  0.82501954E-05  0.00000000E+00  0.10000000E+01  0.31977576E+00  0.87296577E-02  0.57016202E+00  0.47882223E-03  0.57016202E+00 -0.47874013E-03 -0.18350189E+00
  0.65957873E+01  0.60467179E-05  0.00000000E+00  0.10000000E+01  0.31918168E+00  0.84639110E-02  0.56814038E+00  0.45011352E-03  0.56814038E+00 -0.45005356E-03 -0.18274212E+00
  0.66099110E+01  0.44317480E-05  0.00000000E+00  0.10000000E+01  0.31856494E+00  0.81990614E-02  0.56615618E+00  0.42238468E-03  0.56615618E+00 -0.42234089E-03 -0.18201448E+00
  0.66240348E+01  0.32481070E-05  0.00000000E+00  0.10000000E+01  0.31792744E+00  0.79351562E-02  0.56420722E+00  0.39563148E-03  0.56420722E+00 -0.39559950E-03 -0.18131646E+00
  0.66381585E+01  0.23805950E-05  0.00000000E+00  0.10000000E+01  0.31727096E+00  0.76722422E-02  0.56228988E+00  0.36984903E-03  0.56228988E+00 -0.36982567E-03 -0.18064493E+00
  0.66522822E+01  0.17447800E-05  0.00000000E+00  0.10000000E+01  0.31659712E+00  0.74103565E-02  0.56040202E+00  0.34503098E-03  0.56040202E+00 -0.34501391E-03 -0.17999768E+00
  0.66664060E+01  0.12787798E-05  0.00000000E+00  0.10000000E+01  0.31590737E+00  0.71495290E-02  0.55854044E+00  0.32116983E-03  0.55854044E+00 -0.32115737E-03 -0.17937204E+00
  0.66805297E+01  0.93724009E-06  0.00000000E+00  0.10000000E+01  0.31520309E+00  0.68897879E-02  0.55670217E+00  0.29825764E-03  0.55670217E+00 -0.29824854E-03 -0.17876558E+00
  0.66946535E+01  0.68691963E-06  0.00000000E+00  0.10000000E+01  0.31448551E+00  0.66311512E-02  0.55488565E+00  0.27628528E-03  0.55488565E+00 -0.27627863E-03 -0.17817666E+00
  0.67087772E+01  0.50345537E-06  0.00000000E+00  0.10000000E+01  0.31375576E+00  0.63736384E-02  0.55308844E+00  0.25524352E-03  0.55308844E+00 -0.25523866E-03 -0.17760331E+00
  0.67229010E+01  0.36899121E-06  0.00000000E+00  0.10000000E+01  0.31301490E+00  0.61172622E-02  0.55131031E+00  0.23512243E-03  0.55131031E+00 -0.23511888E-03 -0.17704476E+00
  0.67370247E+01  0.27044008E-06  0.00000000E+00  0.10000000E+01  0.31226391E+00  0.58620399E-02  0.54955012E+00  0.21591232E-03  0.54955012E+00 -0.21590972E-03 -0.17649987E+00
  0.67511484E+01  0.19821024E-06  0.00000000E+00  0.10000000E+01  0.31150368E+00  0.56079855E-02  0.54780815E+00  0.19760305E-03  0.54780815E+00 -0.19760115E-03 -0.17596828E+00
  0.67652722E+01  0.14527173E-06  0.00000000E+00  0.10000000E+01  0.31073505E+00  0.53551106E-02  0.54608344E+00  0.18018423E-03  0.54608344E+00 -0.18018284E-03 -0.17544902E+00
  0.67793959E+01  0.10647217E-06  0.00000000E+00  0.10000000E+01  0.30995881E+00  0.51034288E-02  0.54437465E+00  0.16364547E-03  0.54437465E+00 -0.16364446E-03 -0.17494097E+00
  0.67935197E+01  0.78035308E-07  0.00000000E+00  0.10000000E+01  0.30917566E+00  0.48529456E-02  0.54268130E+00  0.14797581E-03  0.54268130E+00 -0.14797507E-03 -0.17444351E+00
  0.68076434E+01  0.57193433E-07  0.00000000E+00  0.10000000E+01  0.30838630E+00  0.46036696E-02  0.54100202E+00  0.13316441E-03  0.54100202E+00 -0.13316387E-03 -0.17395559E+00
  0.68217671E+01  0.41918061E-07  0.00000000E+00  0.10000000E+01  0.30759132E+00  0.43556050E-02  0.53933707E+00  0.11920016E-03  0.53933707E+00 -0.11919977E-03 -0.17347704E+00
  0.68358909E+01  0.30722475E-07  0.00000000E+00  0.10000000E+01  0.30679132E+00  0.41087551E-02  0.53768597E+00  0.10607191E-03  0.53768597E+00 -0.10607162E-03 -0.17300736E+00
  0.68500146E+01  0.22517043E-07  0.00000000E+00  0.10000000E+01  0.30598685E+00  0.38631265E-02  0.53604803E+00  0.93768666E-04  0.53604803E+00 -0.93768455E-04 -0.17254589E+00
  0.68641384E+01  0.16503127E-07  0.00000000E+00  0.10000000E+01  0.30517839E+00  0.36187190E-02  0.53442309E+00  0.82279113E-04  0.53442309E+00 -0.82278959E-04 -0.17209231E+00
  0.68782621E+01  0.12095430E-07  0.00000000E+00  0.10000000E+01  0.30436644E+00  0.33755360E-02  0.53280998E+00  0.71592143E-04  0.53280998E+00 -0.71592030E-04 -0.17164578E+00
  0.68923859E+01  0.88649440E-08  0.00000000E+00  0.10000000E+01  0.30355142E+00  0.31335750E-02  0.53120890E+00  0.61696436E-04  0.53120890E+00 -0.61696354E-04 -0.17120621E+00
  0.69065096E+01  0.64972755E-08  0.00000000E+00  0.10000000E+01  0.30273375E+00  0.28928381E-02  0.52961899E+00  0.52580913E-04  0.52961899E+00 -0.52580853E-04 -0.17077295E+00
  0.69206333E+01  0.47619659E-08  0.00000000E+00  0.10000000E+01  0.30191380E+00  0.26533227E-02  0.52804041E+00  0.44234389E-04  0.52804041E+00 -0.44234345E-04 -0.17034592E+00
  0.69347571E+01  0.34901202E-08  0.00000000E+00  0.10000000E+01  0.30109194E+00  0.24150255E-02  0.52647269E+00  0.36645725E-04  0.52647269E+00 -0.36645693E-04 -0.16992473E+00
  0.69488808E+01  0.25579677E-08  0.00000000E+00  0.10000000E+01  0.30026851E+00  0.21779475E-02  0.52491563E+00  0.29804008E-04  0.52491563E+00 -0.29803985E-04 -0.16950911E+00
  0.69630046E+01  0.18747847E-08  0.00000000E+00  0.10000000E+01  0.29944382E+00  0.19420855E-02  0.52336996E+00  0.23698266E-04  0.52336996E+00 -0.23698249E-04 -0.16909932E+00
  0.69771283E+01  0.13740676E-08  0.00000000E+00  0.10000000E+01  0.29861817E+00  0.17074425E-02  0.52183539E+00  0.18317746E-04  0.52183539E+00 -0.18317733E-04 -0.16869510E+00
  0.69912520E+01  0.10070720E-08  0.00000000E+00  0.10000000E+01  0.29779186E+00  0.14740180E-02  0.52031240E+00  0.13651660E-04  0.52031240E+00 -0.13651651E-04 -0.16829656E+00
  0.70053758E+01  0.73810579E-09  0.00000000E+00  0.10000000E+01  0.29696512E+00  0.12418106E-02  0.51880044E+00  0.96892592E-05  0.51880044E+00 -0.96892525E-05 -0.16790333E+00
  0.70194995E+01  0.54096410E-09  0.00000000E+00  0.10000000E+01  0.29613824E+00  0.10108213E-02  0.51729884E+00  0.64199051E-05  0.51729884E+00 -0.64199002E-05 -0.16751493E+00
  0.70336233E+01  0.39648455E-09  0.00000000E+00  0.10000000E+01  0.29531143E+00  0.78104546E-03  0.51580769E+00  0.38329443E-05  0.51580769E+00 -0.38329408E-05 -0.16713133E+00
  0.70477470E+01  0.29059056E-09  0.00000000E+00  0.10000000E+01  0.29448491E+00  0.55248328E-03  0.51432643E+00  0.19178656E-05  0.51432643E+00 -0.19178630E-05 -0.16675214E+00
